ID	CD45	EpCAM	casp3	CD45RA	CD69	PgR	CD56	TCRab	HER2	CD25	CD44	PanKer	TCRgd	pSTAT1	TIGIT	CD27	VIM	Ecad	PDL12	CD28	KI67	FoxP3	ER	CD45RO	CD19	CD24	CD38	CD8	EGFR	CD3	CD20	pS6	HLADR	CD4	PD1	Hist1763	CD16
pas1	80.85218048	0	3.467497349	114.8384857	32.63302612	4.099871159	6.434344292	0	0.706379235	0.466156483	87.56272888	0	0	3.667129993	0.516206861	7.599293709	4.508878231	1.282657981	2.549836397	1.752732873	0	1.167690635	1.902327061	5.535244942	2.602267981	2.189319611	12.12377834	1.502738833	0	3.092532158	2.254743099	6.112476349	5.366394043	1.05542171	0	41.15587997	36.15032959
pas2	109.829319	4.476714998	8.916534424	138.9003563	30.44735336	4.017356873	5.366738558	0	0.976202399	1.08112669	58.94185257	0.518710792	0	9.20219183	0.145590901	0.066373169	16.67564201	0.059661429	3.798066616	1.528272867	2.420220852	0.465109713	4.629091501	1.708071768	0	1.913678823	7.416194677	1.402556658	0	0.421075284	1.916594028	11.40627289	2.133444071	1.198987663	0	36.11940765	141.3777847
pas3	54.17191696	0.069016404	6.905611515	89.25360107	20.30811882	1.423740387	88.88983154	0	0.38985005	0.264863282	90.73525238	0	0	2.500726461	0.68070811	6.761219501	3.007476807	0	2.986416101	0.31509316	0	2.79864049	0	4.568259716	0.810552061	2.865639687	6.639965534	1.706355572	0.002576831	0.205201775	0.653798878	14.55391026	4.19545126	0.917107761	0	21.36126328	2.261785984
pas4	49.29470062	0	3.948333025	160.861969	31.09091187	3.009214878	27.24593353	0	0	1.629396319	87.10218048	0	0	2.31122303	0	5.932848454	3.21407032	0	5.047077656	1.532524586	0	0.608345449	1.566737652	5.462294579	1.277924299	1.80369246	5.911826611	2.893487215	0.947627664	1.226354957	1.153875351	7.855813026	3.768729925	2.197474957	0	59.17525482	0.888403058
pas5	118.4139137	0.642179489	5.17587781	43.73806429	116.9014702	1.548053324	10.76076803	0	0	17.21279061	104.7790794	3.728352904	0	5.669214487	2.172918677	1.147255138	0	3.59902966	0.771578133	11.97319174	0.483054787	7.432823539	3.442209601	67.20783997	10.88146281	0	0.951307654	2.512653172	3.213899314	14.42996383	3.553563833	5.181466579	2.75025177	19.22970676	1.807108164	6.77200985	23.19377756
pas6	155.1565552	1.744112492	2.708248138	104.6057053	12.820961	3.519919395	2.030336857	0	0	0	89.2129364	0.20637016	0	1.017377615	4.064406872	1.254411101	9.552027702	0.25020656	2.718721628	0	0	0.794249535	6.361002445	1.951763391	0.426008195	1.324821949	8.223731995	0.288588673	6.0610466	0	0	13.05111217	2.549141169	0.540461481	0	44.26882553	58.92411423
pas7	57.83495712	0	5.237221241	238.5642395	15.98923588	2.666435003	118.6983643	0	0.382510662	1.30929637	100.9205399	0	0	2.329895735	0	1.86032784	5.084731102	0	8.465185165	0.318927556	0	3.738982916	1.876672387	2.494383335	1.192996621	2.710484505	4.560893536	0.489787489	0.740662396	1.700180054	0.570501626	19.19743156	1.944254041	2.387229919	0	17.74097824	1.129584908
pas8	91.91524887	0	10.01187754	11.11633396	5.831610203	0.115645103	0	0	0	0	4.582159042	0.024802044	0	1.141580462	2.610671878	19.63506484	1.186536729	0.31552887	1.376666516	0	0	0.9381226	0	0	0	0	0.092968978	0	3.785776973	1.743169963	1.252413273	0	1.326742649	0.996799931	0	9.183107853	62.6580677
pas9	82.8843689	6.254912376	6.798165321	71.0427475	25.03996086	1.675157189	58.65789795	0	0	0	237.3587036	0	0	0	0	0	16.34610558	0.697727799	4.041704655	0	0	1.037972331	0	1.546242476	0	6.960443497	15.59858799	1.462658167	0	0	0	6.94242382	0	0	0	32.57441711	6.170811653
pas10	49.26166916	0	5.666687965	299.1576538	10.85368633	2.084583521	97.54785156	0	0	0.229573905	123.6748734	0.179057211	0	2.21242857	0.20662643	0	10.82152462	0	9.887812614	0	0	5.686493874	0	1.313131928	0	3.11634016	8.141757011	0.458322793	1.06803906	0.865279794	0	12.93596268	4.767375469	2.838159084	0	32.10963821	6.89471674
pas11	66.74720001	0	2.945491433	39.2925663	5.296942711	2.190458059	81.25045395	0.267753005	0.663915157	0.058712671	56.45198059	0.272838004	0	1.734548509	0.3165427	13.10188437	2.289916158	0.235300913	7.515277624	0	0	2.267130852	0	1.728700638	0	0.788246244	1.183039904	0.019287564	4.61636281	0.360247225	0	8.073441505	2.259434223	1.350989223	0	18.82550049	6.935460567
pas12	41.07385826	0	15.76019669	65.70230865	9.906644821	6.212504625	55.72574615	0.080409732	2.335138083	0	43.89827156	12.90620947	0	10.99441719	0	0	10.97163439	3.261101604	3.05217731	0	11.36918068	36.187994	6.95179224	4.723141193	0	4.296833992	7.708659649	1.866165042	12.85934973	2.912161708	3.106620193	227.9816437	17.95421219	6.918329239	17.23645496	147.9795074	19.51801777
pas13	90.33435822	0.94769448	7.863016367	240.3383636	12.56572056	2.589200974	20.82612324	0	0.258607499	0	35.9740696	0.578880996	0	1.682443976	1.22318697	0	13.00927353	0.355076	6.658977985	0	0	0.910855025	2.929149985	0.201536506	0	1.171076536	7.32894659	1.800765991	2.206848979	0	0	23.99400997	1.442426503	1.175392985	0	42.45500946	120.3506584
pas14	103.89151	0	8.040996552	165.2200775	80.48980713	4.741559029	59.85847092	0	0.17102918	0	185.3913422	1.20042789	0	3.944244623	1.551655889	1.006285071	16.14740372	0.118126094	5.431323528	2.154495239	0	4.324483395	0	0.749098837	0	6.547322273	32.76123428	4.385774136	0	0	0	22.33857155	2.523226976	0.222585022	0	44.79013443	6.076368332
pas15	86.10231781	0	8.905139446	272.6481323	14.52447844	2.475467563	55.94065475	0	0	0	158.6693954	0	0	0	0	1.867117941	6.330617905	0	8.48786211	0	0	0.414719254	0	4.151392221	0	3.951603055	18.74038792	0	0	0	0	3.469558001	2.697318077	0.8524535	0	21.96682835	2.900366068
pas16	88.24968719	0	6.364138603	375.4916382	22.08422279	2.558512688	82.32266235	0.20185031	0.379778832	2.282816887	149.9253693	0	0	1.950382352	0.965050876	0	13.86973286	0.001977746	11.81719112	0.706028521	1.01215446	4.593161583	0	1.570852518	0.741507888	3.833968401	7.670239925	1.852681994	1.934686303	1.204739571	1.139184952	20.38572693	3.21393013	2.096046925	0	35.33063126	7.369038105
pas17	70.37097931	0	4.729977131	265.7534485	18.99033546	3.133284807	90.09936523	0.215094998	0.636292756	0.980337918	181.78479	0	0	1.44424665	0.256591469	1.686167359	8.553406715	0.167700768	9.285714149	1.449861288	0	2.715129852	0	3.884150982	0	5.506224155	7.920742989	1.226227045	0.038541798	1.085393071	0.171930805	10.6818037	2.431208372	2.634087324	0	42.91139984	1.05860436
pas18	81.58298492	0	5.009850025	203.3170624	16.44332504	2.990598559	123.2583466	0	0.382357106	1.339814126	129.8423615	0.126618363	0	3.737683535	0.715308785	5.803346872	7.557212591	0.229718953	7.174035311	1.207663417	0	5.182762384	0.605355293	5.199094057	0.428619906	3.381783247	10.88440561	2.564460635	0	1.019730806	1.001372308	29.4510231	5.199216366	2.853904963	0	49.06736374	4.660841227
pas19	47.29388809	0	5.744914055	316.6114502	16.30673409	1.891933441	54.99024582	0	0	0.696154058	132.2542267	2.629695177	0	5.140407085	0	0	8.003137589	0.307103157	10.58031082	0	0	17.1926136	0.35906592	1.794625163	1.394268751	3.017270088	10.64850807	2.548970938	2.632438898	1.638956547	0	19.04449654	9.985061646	1.459020495	0	26.26142311	0.927168012
pas20	84.09809494	0	6.649122715	230.7543106	36.47109413	3.884919167	62.81396103	0	0.106999632	0.040181497	49.35339165	0	0	4.360803127	4.66369009	3.877568364	15.32179356	0.68987751	7.174592257	1.588892043	1.247761488	3.731589437	1.41550076	2.936507821	0.73548755	2.649111152	75.83872604	3.443717957	2.63928616	1.178307533	1.611644626	21.24378586	7.438771009	4.440981627	0	120.3630257	8.724789143
pas21	82.56563568	0	8.588680267	556.6710205	24.45155716	3.735696077	118.0972672	0.213401884	0.64010781	2.598412275	143.9859619	0	0	3.696208954	0	3.003327131	9.144766808	0.969448388	16.54679298	1.836066842	0	4.698817253	0.325208336	5.315491676	0.18977274	3.906199455	9.496572495	2.535768986	0	0.594784856	0.587170124	14.40276241	3.359152794	3.78694582	0	75.20259094	3.313554525
pas22	96.77893066	0	8.033027172	345.1604156	18.78333473	3.122997403	75.13843536	0.21073398	0.840189606	0.297264978	201.2238617	0	0	1.473364592	1.890461862	2.844446421	11.15487289	0.251066312	11.61784697	1.576225579	0.094694808	2.728258371	0	3.243464231	0.210968576	5.881315231	24.29763985	1.917652845	0.055006322	0.924181998	0.755304784	9.814708233	2.841590047	2.316466689	0	53.49688721	2.097880721
pas23	81.64159775	0	9.458075047	405.6175385	23.41437054	4.27091527	105.72892	0	0.417394564	3.002804279	138.4651031	0	0	5.023858786	0.436067834	2.720104575	16.65990257	0.598205119	12.82895851	1.4378407	0.252697572	10.93386555	1.023825824	3.149698973	0.583913773	3.590344667	6.135057211	2.518612623	0	2.187019587	1.239444792	54.33602142	7.23861289	5.223663092	0	97.95661926	1.362676799
pas24	48.55895996	1.900726914	4.217558146	204.7805252	13.41623306	2.617037058	76.45580673	0	0	1.417756081	84.91602707	0.324119866	0	2.463503599	0	4.542775869	8.202084064	0	8.123691082	0.321059451	0	2.61063838	2.866601825	1.616906703	1.618219197	2.436935544	9.739634991	1.450674236	2.200082541	1.059807122	0.710279137	18.72592354	3.405776381	2.507710576	0	30.15301895	3.65429306
pas25	83.8508606	0	3.990800261	295.1303711	28.55305004	2.9286412	84.11423111	0	0.220370039	0.634508222	52.8989296	0	0	2.872996569	0.465265945	4.019838572	9.952205181	0	9.661389351	2.280060768	0.40661712	3.632437587	0	3.233512163	0.406483263	1.35782975	16.52140045	2.53462255	1.663446486	2.278729796	1.293116868	13.85035467	7.212898254	5.101194382	0	65.52641678	7.112728834
pas26	81.41821289	0	6.651339531	324.3562012	16.73051453	2.409235477	86.52107239	0	0	0.722035348	244.9376068	0	0	0.78527981	0	5.615675449	9.066637993	0	9.58999157	0.258302063	0	2.556083679	0	2.17023325	0	6.171790123	10.36808681	0.566832423	0	0	0.511326313	8.448155403	2.034524441	0.902722299	0	47.69851685	2.744649887
pas27	40.59548187	1.601119041	3.02519989	110.6878128	10.31331539	1.60631597	50.33927155	0.252586991	2.77024889	1.199687958	78.88518524	0.643465996	0	1.143532038	0	1.557340026	3.236577988	0.377692997	4.276692867	1.338220954	0.246092007	3.953356981	0.153687999	4.08019495	0.275085986	3.812114	8.327676773	2.879156113	0.398416013	1.157855034	0.672742009	9.574814796	3.851666927	2.501672983	0	25.31330299	0.741454005
pas28	78.05168915	0	2.362428069	6.207931042	0.715424567	0.534494042	1.159130216	0	0	0	2.96143651	0	0	0.01065476	0	4.768387794	1.958740711	0	0	0	0	5.849005222	0	0	0	0	0	0	2.515899301	0	0	15.22862339	0.785116196	0.322747171	15.52436399	6.55300045	61.99738693
pas29	52.20040512	0	3.468306184	221.6298599	13.1197114	2.211146593	103.8582954	0	0.030093675	0.478197694	53.4639225	0	0	3.261073232	0	7.275076389	5.043277979	0	6.608278275	0.781829178	0	3.572779298	0.283427328	2.726405144	1.116104722	1.294350386	9.004952431	2.883772612	1.094978154	1.744699478	1.075497806	23.33446598	4.235413313	2.377741098	0	32.52213097	2.885778785
pas30	55.0575676	0	4.575645447	289.2978821	13.25826645	3.962555885	79.31535339	0	0.509074211	0.871457636	99.61915588	2.571773052	0	2.756235123	1.089468122	9.236528397	6.816747189	0	6.420938492	0.136626676	0	3.397444963	0.819501042	0.408885032	0	1.244011283	5.822183132	1.931604385	1.361485243	0.703609943	0.049044844	12.47540855	3.002861261	1.620821476	0	37.47142029	2.118082523
pas31	61.32108688	0	4.716758251	109.2691383	6.501646519	2.002104104	43.66597557	0	0	0	51.10273361	0.195158966	0	3.447734356	0	1.062776923	9.518703938	0.43788825	2.470092177	0	0	11.96870565	0.261910401	0.743152678	0	0.742479622	5.247228622	0	1.513390601	0.241499193	0.353947401	35.61521149	3.152223229	2.371763229	28.35490799	58.67764854	10.2006731
pas32	60.56702423	0	3.697027922	157.6687164	15.71722603	4.659404755	34.17570114	0	0.009355907	0	52.71009064	0.503530502	0	3.718683481	0	0.505759001	16.32777214	0.743471742	3.573508739	0	0	13.71926689	1.038491726	0.403912008	0	1.086298227	5.372776508	0.726092696	0	0.616113782	1.896132469	62.29586411	6.167182922	3.95452261	50.13183975	109.941185	10.6095438
pas33	50.19092751	0.287481248	4.705558538	262.5044708	13.76661587	2.792505741	131.3623276	0	0.160403334	2.042026639	99.94929504	0	0	2.413364887	0	2.356967449	6.570064068	0	7.911149263	0.234748363	0	4.869130611	2.696136832	5.135895729	0.164325245	2.552441478	9.748414993	1.21447289	1.219277263	1.2925179	0.275497422	38.46187973	4.368238211	2.171196461	0	34.55533028	1.280951262
pas34	94.88151932	1.448330283	4.648548365	12.77843952	5.473686218	3.026963234	9.150733471	0.065551344	0.60349983	0.643086195	22.29484844	9.022481441	0	9.690310955	1.340421557	31.97875309	6.728800297	1.585538924	25.98423767	1.15178293	3.316490531	7.630424738	1.945582807	1.032529354	1.074931026	1.119194269	2.488549232	1.804796278	26.75508118	5.188232422	1.866291344	9.093891621	3.517509937	2.119206905	1.475448132	13.54472685	41.39095306
pas35	77.75338745	0	3.581148148	36.82844543	18.00162888	0.396315843	65.04121399	0	0	0	185.7252655	0	0	0	0	2.088155985	8.600099564	0	1.400209546	0	0	1.622262478	0	5.065851212	0	5.138109684	15.34815407	0.337448597	0	0	0	4.637639046	2.310164213	0	0	25.85420609	2.21680665
pas50	156.5220642	0	2.916990519	68.64780807	14.66402149	0	22.02444363	0	1.014554381	1.206770241	88.51443863	0.380935073	0	4.514042139	0	4.720307112	22.73739147	1.446183681	2.313430786	0.775380224	0.673619658	1.820836723	3.807765722	2.126795411	0.062275857	1.613516867	11.84132767	1.407457054	2.112500429	0.783051401	0	5.430662632	7.335460901	2.666726708	0.121895049	88.67806625	1.0020895
pas51	224.7800446	0.403944939	3.930604696	65.73009491	10.83536053	0.656693339	31.55272293	0.213569805	1.336659431	3.588766813	175.2000732	0.693695188	0.188888997	5.083010197	0.29672417	10.50125694	46.03073502	1.75776732	3.144818544	1.547397971	0.778718174	2.334424496	2.157344103	3.057139874	0.919149518	3.752162695	15.56215572	3.455265045	1.955881834	0.92623353	0	5.494517803	16.22982979	3.205868244	0.59309727	86.2738266	1.3859061
pas36	63.60086632	0	6.600221872	283.6102142	18.13787174	4.510532379	69.82808685	0	0	0.167650737	49.85101509	0.200192817	0	4.708761692	1.998157144	7.160181999	9.307048798	0.626689285	9.62629509	1.285803258	0.654926479	3.491859078	1.56028384	1.318422973	1.030024707	1.608779132	19.94438553	1.734820008	0	2.18801105	1.322885871	39.07241821	4.297622919	4.67835927	0	70.16193008	3.242849708
pas37	62.81010056	0	4.273814678	229.5051117	14.33370781	2.961752653	73.02697754	0	0.057763152	0.396666765	99.99755096	0	0	2.207369328	0.957714379	3.134790897	8.686861992	0	7.029444218	0.529631793	0	2.441406012	2.835336685	2.663436413	0.267792344	2.715460777	18.28865051	2.091998339	0.765897095	0.578769505	0.931685627	26.00902367	2.999429703	2.163541079	0	55.55580139	6.91195488
pas52	206.1259995	1.708216012	9.536112309	153.9327698	22.60810661	1.626027346	33.6686821	0.672276258	2.483267426	1.425736845	183.2875824	0.956072718	0.525195032	3.378597617	1.492281199	28.09804916	50.87283325	2.22669816	5.641402721	2.457818866	0.868828744	2.011636019	1.535620868	2.993623853	0	3.710477829	8.566043854	1.534624219	0.759520948	1.315512061	0	3.243238926	12.18630266	3.036588311	1.174381673	72.00169373	0
pas38	95.53138733	4.176224709	6.709803581	353.3006897	20.00590324	3.14483428	124.5057297	0.154871464	0.300641835	1.754781365	157.8558197	0	0	1.811575651	0.60062933	6.028085232	4.051718235	0	11.87868214	1.701582551	0	4.200273991	1.719163537	8.854854584	1.009181499	4.972352505	16.68098068	2.960935116	1.182385206	2.383440256	1.521918297	32.3183136	6.739561081	3.471632242	0	33.66713715	1.846434236
pas39	64.7854538	0	4.725177288	270.480072	20.02697754	1.742629051	101.2256393	0	0	0	131.5683136	0	0	0.376366556	0	3.373214483	8.064937592	0	10.15413475	0.625804484	0	3.021388769	0	4.620715141	0	3.081250668	6.174008846	1.024683952	0	0.879966438	0.273794472	9.057440758	2.44440794	2.961135149	0	43.82515335	1.276492476
pas40	68.7781105	1.411169589	6.213147402	43.41244125	45.76716042	2.831143498	79.65086365	0	0.180759385	0	96.53694153	0.562053815	0	4.910263062	3.595790625	3.276480913	36.76119804	1.081999063	2.033748269	1.41243124	0.799043447	3.907656312	1.055253983	2.531089783	0	1.690947056	15.00248003	0.563113704	0.845538437	0.183048278	0	10.93425083	4.045421362	0.961177111	0	46.15794373	10.90520668
pas41	89.31291199	0	5.908466339	332.4920044	23.31671333	1.961631536	103.4363861	0	0.318403572	3.281472921	222.0252686	0	0	1.800026774	0	2.137205601	13.45786381	0	12.07085228	0	0	3.448909283	0	1.217887878	0	6.410885334	6.513401031	0	0.811459482	0.896987379	0.166593611	14.10057259	5.50432539	1.273820519	0	60.89528656	5.16658783
pas42	52.18003464	0	3.282598257	307.0856934	12.01399326	0.976432204	69.16886902	0	0	0	88.09931946	0	0	0	0	4.445388794	6.737757683	0	9.531269073	0	0	1.664229512	0	3.744437933	0	1.076423168	3.502583504	0.090119965	0	0	0	10.73754978	1.820255756	2.37354064	0	32.57012939	1.967245817
pas43	133.0123978	0	4.726438999	94.28616333	16.55321503	4.059963703	75.62197495	0	2.014455736	1.185257673	237.0682678	0	0	0.767977655	1.489324093	8.65306282	28.04529667	1.939402223	5.161908388	1.93102777	10.18689871	5.778491497	0.07667879	2.173181891	0.275003493	7.054848671	2.553215861	0.616145834	1.336593091	1.183746517	0	7.792480946	2.472224236	1.805645406	0	29.33450985	6.079541445
pas44	69.60349655	0	4.64926815	350.1786652	18.3665905	2.849423766	73.95698166	0	0	0	119.7267456	0	0	0.884470403	0	6.413111925	10.03827047	0	11.46103477	0.347583205	0	1.838467658	0	1.489911795	1.46670413	2.878213525	0.944426537	0.184591904	0	0	0	7.1347332	0.686800033	2.526340604	0	50.13779068	4.463069439
pas45	77.05492401	0	16.11483765	142.1008911	34.82655716	3.03565526	55.29803085	0.375030816	2.043921709	0.474177241	64.33369446	0	0	1.244001031	0	4.417519093	0	2.146064997	3.797032833	0	0	3.549579859	0	5.953661919	0	2.182956696	0	0	1.259549737	0.245171607	0	0.143372133	2.858207226	2.988574743	0	24.38301277	1.054812431
pas46	56.27962112	2.817059278	5.116693497	73.10983276	11.97969627	2.325590611	77.13426971	0	0	0	96.76760101	0.741044402	0	2.976276875	0	2.536268711	9.918872833	0	4.615742683	0.350067973	0	3.000273466	3.463344574	3.962554932	0.73828882	2.290585279	10.18334389	2.253759623	2.881411314	1.783225417	0.615971863	23.27675056	5.089776993	3.245879889	0	37.5202179	5.318427563
pas47	53.34142303	2.054376364	5.279444218	104.9433212	14.77715397	2.476736546	88.28118896	0	0	0.494613498	114.1030273	0	0	1.45020318	0	6.567192078	14.43262577	0	4.156602383	0.944849432	0	3.215221882	3.079759359	2.014881611	0	2.48273325	10.23568916	2.912935019	1.085309148	0.817004442	0	15.44685364	3.238414288	1.631447434	0	28.0010128	3.204728127
pas48	129.2359009	2.401414156	8.089334488	110.6698761	15.11567402	3.631201982	11.0310421	0	0.992894173	0.76186794	199.7062531	6.681704521	0	3.647399902	1.329096556	7.425781727	13.98324108	2.652782679	4.434373856	0.964112699	1.393747211	4.571163654	1.92650187	5.918519497	2.066227436	6.661615372	26.9549675	3.59744668	4.243041515	1.187197208	1.673233271	9.802294731	6.690594196	1.985210419	0.10210406	77.88761902	48.77901077
pas49	50.69322586	0	3.987647533	297.8412781	16.57002831	1.335030079	93.66299438	0	0	0.124104187	175.8663025	0	0	0.178102925	0	1.187426567	8.385577202	0	8.453668594	0.194809332	0	2.400538206	0	1.68603313	0	4.307209492	7.870249271	0	0	0	0	4.266371727	1.807762146	2.479414463	0	60.96183014	1.755791068
ctr10	145.3700714	4.18883419	15.17668533	462.9614258	15.15739441	3.508858442	18.27510071	0	5.85033989	0	32.70693588	2.607458115	0	2.898652315	1.968544126	0	4.529845238	2.349990606	16.50273132	0.59974128	0.815306306	4.702487469	0.740479529	1.95879674	0	2.725213766	28.16786575	27.78927231	1.586656213	0	0	27.13400841	1.786423206	1.488558173	0	47.87236404	214.8261871
ctr11	346.9481506	3.030420542	7.95016861	160.0841827	9.468107224	0.190249756	7.477478981	0	4.145187855	0	36.00732422	0.088063329	0	3.406377792	4.210800171	0.082354434	23.23538399	1.481520057	5.741957664	0.680878222	0.215388447	2.250794888	1.857853413	1.445888162	0	2.015944004	44.54906464	4.173806667	2.020081043	0	0	2.925854206	0.615471065	0.246316344	0.058200337	51.9911232	391.6911316
ctr2	144.6194687	0.397314936	12.25238895	338.6059113	8.978144169	3.118267179	20.04287529	0	1.006886899	0	36.45913315	4.50412941	0	5.801545382	5.072806835	4.207805157	11.13020897	1.466351449	21.27713585	0.356227815	1.424198866	4.908303976	1.042353451	1.904020429	0	1.466708124	18.13607693	8.216377735	7.599373579	2.105769873	0.109615348	12.11997938	3.233621955	1.341792881	0.350595519	34.79894829	170.8065567
ctr3	161.7945175	1.541217029	9.44362545	401.3345337	9.277458668	2.183658123	32.32211113	0	1.318016589	0	59.63924217	2.573844194	0	3.134570122	5.415241718	0.333186507	4.983725548	0.301773861	20.07468891	0.33779639	0.745090425	4.030820131	0.708492041	3.483819485	0	2.060408592	20.01606846	8.973687172	4.182094574	1.706126928	0	7.557363749	4.15896678	1.178132594	0	22.10608768	244.6683426
ctr4	77.63600159	1.917678237	8.805037498	185.1858521	5.696329117	2.245022535	13.14224434	0	14.26816845	0	12.54836655	2.117841482	0	3.683641911	1.653331757	0.758946776	8.962750435	3.528241634	7.168433666	0	1.422035813	3.946398973	1.965196252	3.485333204	0	0.917235792	11.18416595	3.902037859	3.330847979	0	0	26.87379456	0.952863514	0.614713609	0	43.84897232	93.10196686
ctr5new	104.7766647	2.372464657	13.25144005	539.8566284	15.57647896	2.751620054	18.8966465	0	4.629686356	0	24.13092232	2.097435713	0	3.080976009	1.510034442	0	5.266673088	2.213463306	17.996521	0.308479875	1.504700661	6.280478477	0.988062322	1.167269707	0	1.748540163	25.2201767	30.99180794	0	0	0	34.14857101	1.507841825	0.879485846	0	39.94510651	176.631485
ctr5old	136.9945984	6.108904362	17.6276722	287.1829529	8.2892313	3.614747286	19.83605576	0	3.083311796	0	44.21220398	7.248467922	0.931820333	6.16912508	4.564835072	2.734158993	11.50971889	7.249288559	12.96057034	1.391522169	4.515625	3.994336128	6.31287384	6.264648438	0.082881279	3.167449474	21.9144783	17.29143524	0	2.048957348	0.56251961	71.76807404	2.659180164	5.536262989	0	73.70960999	154.2026978
ctr6	77.53938675	0	7.114252567	394.517395	10.90009451	1.096460521	23.15199661	0	0	0	20.40063477	0	0	0.768339992	0	0	3.280767083	0	10.50530481	0	0	0	0	0	0	0	20.5883646	21.60995483	0.108079247	0	0	3.176545143	0	0	0	36.93916893	120.1795197
ctr7	181.8003235	108.6015854	15.84948111	523.5055847	20.60556984	2.937140107	26.51182079	0	14.04637337	0	57.39008141	10.69846773	0	0	3.148842931	4.264457226	13.02557516	7.557902098	26.45134258	0	4.400401592	13.93580961	8.468230724	5.500309706	0	3.565672278	39.1256237	40.06150055	12.9896431	5.075996637	0	88.71935654	12.08316565	4.678105831	0.52389285	49.2007885	234.0284042
ctr8	145.3700714	4.18883419	15.17668533	462.9614258	15.15739441	3.508858442	18.27510071	0	5.85033989	0	32.70693588	2.607458115	0	2.898652315	1.968544126	0	4.529845238	2.349990606	16.50273132	0.59974128	0.815306306	4.702487469	0.740479529	1.95879674	0	2.725213766	28.16786575	27.78927231	1.586656213	0	0	27.13400841	1.786423206	1.488558173	0	47.87236404	214.8261871
ctr9	145.3700714	4.18883419	15.17668533	462.9614258	15.15739441	3.508858442	18.27510071	0	5.85033989	0	32.70693588	2.607458115	0	2.898652315	1.968544126	0	4.529845238	2.349990606	16.50273132	0.59974128	0.815306306	4.702487469	0.740479529	1.95879674	0	2.725213766	28.16786575	27.78927231	1.586656213	0	0	27.13400841	1.786423206	1.488558173	0	47.87236404	214.8261871
