ID	CD45	EpCAM	casp3	CD45RA	CD69	PgR	CD56	TCRab	HER2	CD25	CD44	PanKer	TCRgd	pSTAT1	TIGIT	CD27	VIM	Ecad	PDL12	CD28	KI67	FoxP3	ER	CD45RO	CD19	CD24	CD38	CD8	EGFR	CD3	CD20	pS6	HLADR	CD4	PD1	Hist1763	CD16
pas1	286.2574158	0	1.331372023	2.14722681	19.99153519	3.199597359	0.613126576	6.727171421	0	2.06241107	164.5216217	0.962705731	0	3.560055971	3.847289562	43.59892273	16.72066879	0.364605188	1.092952013	28.05047035	0.022562511	1.460408688	5.103094578	148.3522797	2.037198067	5.238691807	2.903883219	152.3787842	0.07588961	158.1975861	2.660897493	5.100923061	2.896649122	42.50260925	3.694981813	38.91680527	0.613017976
pas2	196.4932709	2.750911236	2.11887145	1.368191123	47.86333275	9.595038652	0.203977078	0.723212302	0	2.932710886	173.3573952	9.519195795	0	3.952216625	1.745362878	15.00203133	49.50027847	7.667159319	0.59562254	35.23845339	4.247815609	6.270249844	21.28893709	83.14530373	0.109181486	8.014903784	0	94.94408607	10.61333036	107.715126	87.73486507	8552.769901	402.2740479	56.64352608	5.269032478	37.07622242	3.95906806
pas3	248.5899506	0.421832114	1.003989816	4.061882734	17.26748466	0.364189908	0.076782594	5.444680452	0.442167804	0.228141645	99.85475159	0.735473245	0	1.824629009	8.290875673	61.27630424	3.645316601	0	2.216035962	40.16929054	0	1.728278995	4.708324671	208.9141617	3.897644758	4.43149662	4.266448975	71.08052063	0.546567023	174.4698944	4.189793587	5.531015158	6.208889723	138.6585846	16.07010746	8.312704086	0
pas4	200.2688293	0	1.517697692	10.44219589	20.61779404	2.311258078	0	4.860548973	0	5.56673193	127.4637146	0	0	2.499334335	0.974222541	48.86181259	6.625089169	0.054216232	1.744075894	37.47655106	0	1.193149805	3.927643538	101.1740723	0.675995052	3.902991533	1.586595416	148.4138794	1.917876959	100.5970764	1.698537111	5.713527203	3.059581041	62.1497345	1.582180381	23.25850487	0.238556415
pas5	255.8245392	0	1.457027197	24.32165813	23.84680748	1.993058443	0	10.68078709	0	2.081085086	63.65415001	0	0	4.56849122	1.833678603	61.35569954	8.794683456	0.446102202	1.740622818	37.72914124	0.270738736	2.725436449	3.852641582	71.78894043	3.786237121	2.196291327	4.102100611	153.1789322	2.049177527	199.1434326	4.066604137	7.171133995	4.31413579	40.88133812	3.032150388	38.47828293	0.395306543
pas6	308.3123322	1.571897268	2.503723741	1.377411544	13.02738762	2.736556053	0.396917656	7.782207251	0	0.005892795	157.6582336	0	0	3.422993064	1.528986692	20.42774677	22.43453979	0	0.448408	33.24673462	0	2.124235749	9.615064144	95.07688141	0	3.248851061	0.884708256	155.780014	4.646500111	186.6525879	1.491566598	6.847609043	3.455046654	43.62477112	2.570426464	28.85400772	2.785570502
pas7	256.89151	0.130738169	3.591902018	10.32300472	12.59544563	1.21380949	0.096898541	4.791845322	0	3.295451403	127.9751282	0	0	0.97961545	3.23322773	75.75913239	5.576454639	0	3.007743835	40.6403389	0	1.115126014	4.522462368	90.3143692	2.400473595	5.014411449	2.892197609	104.1534042	0.948844671	114.8601608	2.630712986	6.428367615	3.135394573	95.03404999	5.187578201	15.36854744	0.729331017
pas8	224.857132	0	0	0	10.8302784	0.569166422	0	9.386856079	1.159729719	0.291209698	238.5232391	1.857223153	0	0	0	0	1.634996295	0	5.39975071	33.39578247	0.344001114	10.19194317	1.447716832	194.3105316	5.514037132	15.86458588	2.124550104	161.5889282	3.366073132	282.1209412	0.836247921	11.68344688	4.385217667	49.64380264	4.128421307	19.37951851	0
pas9	500.7356873	17.88451099	3.833223939	1.568506896	71.08311462	2.817332745	0.590931118	12.27517414	0	0.710382849	348.1797485	0	0	0.158509761	11.70520067	39.05398178	26.5401125	1.521247745	6.774443388	41.54490471	1.199390888	4.733457088	5.786720753	250.0968552	0	13.50867653	35.00532341	78.08106232	0.416345015	226.6885757	1.678703189	10.92760754	25.66094398	164.3258667	50.11949158	25.22606087	2.010711908
pas10	161.2116394	0	1.615911365	9.036675453	2.414187431	1.797058821	0.126853988	1.52531445	0.305317432	9.648784637	176.3153381	1.375655413	0	3.680967569	0	0	15.37401772	0.511353433	0.615696132	27.56997108	0	3.127924681	0.018934112	37.30301666	1.071053028	4.856050014	0.961817205	105.5033417	3.171888828	124.8051453	0.050194412	7.97079277	5.745414257	128.1101074	2.949004889	39.01597595	0.122225977
pas11	149.9671478	0	0.611934781	4.300542355	4.557549477	1.279624462	0	3.663841248	0	4.963216782	91.00331116	0.170255989	0	2.243368864	1.218859076	80.92316437	14.49275303	0	2.137764692	28.54085541	0.944725573	0.68436414	0.621911347	74.4641037	0.692372382	2.492988586	1.391090989	106.7529144	2.416027546	98.09307098	2.105759382	2.621901512	1.408742547	74.07686615	1.415950179	37.15167999	1.29554832
pas12	225.5857849	2.011683941	17.22218132	41.31164932	38.36471558	10.17809772	0.660037935	26.90581131	3.707125187	2.491117001	66.40821075	18.41088867	0	18.25145149	3.029436827	7.648291111	31.92468071	6.402346611	5.931771755	20.24361038	16.62187576	50.07699203	13.7385416	89.41441345	1.281554341	8.437988281	19.43819046	87.47779083	18.52756882	202.2414551	7.120090008	288.8355408	32.07789612	88.36603546	60.75789261	233.9293518	6.873566628
pas13	203.4218292	2.291397095	2.742508888	0.647731006	43.17247772	3.29279089	1.385673046	2.913120031	0	0	135.3100891	0	0	2.937642097	1.934983969	22.73161888	49.46788406	2.043154001	1.782855034	14.73268414	0.936942995	3.108870983	6.380623817	63.69417953	0	1.640373945	2.174309969	115.1041412	1.102906942	90.78662872	0.533051014	6.749076843	4.278634071	83.38851166	6.302771091	42.91186142	1.64151895
pas14	403.5992432	1.261270523	3.976997137	4.252398014	19.60079575	1.10386014	0.773637235	11.96899414	2.144776344	0.839757085	297.5054321	1.130368829	0	5.19376564	0.070404798	4.41197443	15.59588909	0.573647201	2.974632978	23.62619209	1.000971913	3.246177912	4.763283253	163.1075439	0	8.794147491	2.159023285	148.8352814	0	202.0649719	1.483641148	6.78891325	8.767159462	115.8369675	2.751382828	26.99325562	3.609527588
pas15	296.3687134	0	1.920039833	24.85340405	15.63925314	0.662018389	0	8.936199665	0	3.598974466	252.8451691	0	0	0	0.126731798	81.39440918	18.67392921	0.387417361	3.24467063	42.28805923	0	0	0.690438569	87.47218323	0	8.100595951	5.090352058	88.97193146	0	174.9356766	1.471941411	1.56739229	2.25307107	146.4680557	1.945605755	31.06425667	0
pas16	163.1779175	0	8.002623558	379.3649902	11.10594368	2.82558465	3.371186733	10.79023266	3.827012062	3.316670418	148.097168	2.145122051	0	3.528800249	0.736613035	0.731234789	17.92593765	0.946381211	12.82518482	16.7261467	2.549549103	0.900589824	0	6.295246124	2.080110073	6.564424515	5.147152901	127.4803543	13.44678593	135.8713989	1.933981776	22.70886803	7.897424221	153.0370483	2.544159174	27.77262688	1.170659304
pas17	288.0686188	0	1.524687707	8.275732994	9.589637756	1.479966164	0.925047219	8.967534542	0.226539813	4.07804966	220.4612885	0	0	2.349431396	1.044770658	66.97238159	14.06555986	0.132224873	2.22160852	30.34737873	0	0.700488359	1.887878001	84.1324501	0	7.850243568	2.332137942	96.54717636	0.718014687	134.577919	1.463587701	3.489161253	2.918390751	96.03282547	1.161928773	33.97995377	0
pas18	299.4295654	0.440172225	1.396212876	7.039772034	9.465036869	2.235077381	0.13003622	9.206895351	0.206396632	8.551400661	163.8474426	0.314302891	0	3.135203958	1.153485894	101.4549904	11.86695147	0.772845894	2.284746766	41.99732399	0.059106511	2.865867257	3.848126769	136.6392746	1.736306131	5.543956041	4.059514999	183.3616562	0.242817856	165.6312256	2.928581357	13.40812016	7.292652369	111.3071251	2.482959151	36.8739872	0.071064841
pas19	182.6064453	0	1.292125881	5.026749849	5.230753183	1.809524536	0	2.962329507	0	3.462698936	170.7054062	0.133764908	0	5.990285635	1.801094353	0	16.19334316	0.100652449	3.927925587	25.51788616	0	16.97544956	5.588321924	105.3775597	1.60364151	4.945155144	1.791159511	155.8267212	1.630343497	87.58264542	0.215689018	3.892764211	6.904372454	118.8310699	2.726540923	22.02860928	0
pas20	238.9844131	0.176665656	1.639127195	6.748947859	10.73464298	2.769705415	0.422459781	6.076391697	0.555533737	10.01433659	116.8968735	0.105326204	0	5.493858337	1.563959002	94.2968483	30.18587017	1.546146929	3.087830186	30.94837284	0.209234998	3.182238221	4.097152948	122.8475533	0.304586619	4.034726143	3.19664371	84.23424911	2.869981408	143.4017334	2.442871451	8.189079762	3.421771288	107.9146423	3.224333644	70.95219803	3.158828378
pas21	396.5992737	0	2.67157352	10.57650661	16.05713272	3.442134619	0.726959169	10.09789181	0.591403544	8.705302238	205.0070724	0	0	4.361200571	1.050048232	129.7484894	24.63627911	1.454816282	3.425372124	58.1088028	0.734272927	2.701314449	6.391458273	214.3147736	1.418953717	7.095274925	3.794393063	220.4530563	0.335309267	201.7439346	3.28805542	6.764420033	5.550856829	140.778656	3.086851716	67.37971497	0.663938314
pas22	294.3855896	0.549281478	2.131417751	10.43366814	8.457541466	1.104839683	1.693856001	9.321203232	1.219130754	1.537061572	228.5318298	0	0	1.878498793	1.328295946	70.67526245	12.67223835	0.518245757	2.760112762	37.71413422	0	0.88233614	1.825825095	94.95007324	0.465446264	6.911827564	3.267736435	136.0184174	0.676359773	153.1907501	2.819581985	4.279158115	3.853270769	127.1561127	1.800830245	48.25534439	0.399154156
pas23	297.0194092	0	2.519832969	13.04107523	23.01883602	2.997857332	0.234077282	7.484193802	0	2.640785336	151.8986816	0.2824644	0	4.336821556	2.170479894	114.2321243	20.20877743	0.809949309	2.87789619	34.1564579	0.17104806	7.616192341	3.952354431	117.9968452	0.992313087	5.270098209	3.960325956	159.8360291	0	170.7886963	3.139401436	31.8172121	6.178299665	103.5148582	2.59338665	65.06466293	0.450149626
pas24	191.6403427	3.058001876	0.949531972	13.96128035	17.59950161	2.364547372	0.167679816	4.332721233	0	1.281234086	116.9023972	1.518007219	0	1.354164839	2.970477462	93.01274109	9.058273315	0	3.994153738	25.25375748	0.390140086	0.541614056	4.969891071	77.36309052	2.840179801	3.701075792	5.11662221	116.6891937	5.282964706	130.7816238	3.343613029	16.762146	5.072798252	104.1720161	10.38180017	20.13628483	1.058496416
pas25	255.3819275	0	0.231169231	7.238367081	17.21192455	1.350544512	0	9.482573986	0	24.73576736	81.30369568	0	0	2.204385757	3.348240972	107.3812408	10.47324753	0	1.063197792	27.24709988	0	4.067057133	2.036091089	66.70906067	0.282923222	2.538921833	2.9023664	76.07401657	2.071323991	164.1424484	2.446147442	3.071901202	4.720369816	138.4754333	3.878807545	40.24767685	2.233552933
pas26	350.7853394	0	2.074790239	16.985672	14.17328072	1.20393455	0.899212897	10.0592804	0	1.357676387	230.9652405	0.205501735	0	1.194080114	2.868020058	128.8275146	14.95411205	0	4.378894806	36.11458969	0	1.107414126	2.208498478	90.94618225	1.04041183	8.533686638	5.68097353	91.02009583	0.094495006	173.4157257	3.018042088	2.274370909	4.546546936	161.0635223	5.266842842	38.48976517	1.031328201
pas27	180.8255081	1.974036515	1.756007969	13.01436043	10.75437117	1.587531984	0.65704298	7.254129171	2.991665483	1.897847474	88.94262314	0.748534024	0	1.266736507	1.864443481	45.91765976	6.635216951	0.872857004	2.750602484	25.98715496	0.341463	2.75723505	2.075454593	66.58407593	0.596941501	4.670938015	4.302181005	78.94086456	0.883475482	101.8674622	2.287322044	7.752151012	5.418039322	74.64569092	2.8695575	24.81931591	0.109908503
pas28	304.625946	0	2.435801268	90.67961121	23.04369354	5.359027863	1.066820621	15.99044228	1.093342543	1.383328319	111.4588776	3.061152458	0	8.112760544	1.729736686	15.31550598	35.79269028	3.25390625	5.580461979	24.47284889	1.100227714	26.79934502	3.137948513	46.16960526	0.264504999	3.30904603	5.732561588	73.62562561	11.3182621	264.776123	3.405531645	136.9612274	8.942099571	136.6770935	140.7576752	111.163208	7.724081039
pas29	242.4857941	0	2.923166037	250.5365448	20.81661224	2.480256319	0.782013297	12.56370831	0.399389178	1.147088528	67.25812531	0	0	3.964616537	0.867008805	137.2338257	12.32510471	0.400628746	9.337735176	31.88242722	0	1.717143893	2.274822712	55.41254807	1.399716735	2.539282322	10.19693375	106.3148651	2.456707001	214.5676117	4.132621765	11.65426445	3.935295582	97.91645813	3.053125381	56.0161438	0.728072166
pas30	182.8970642	0	0.982528567	2.664679289	5.567991734	3.034641743	0	3.397184134	0	5.120529652	165.3108978	3.335837841	0	2.402784109	0.172647193	76.30377197	17.69189835	0.400408685	2.418153048	29.5281868	0	1.125781178	1.649641275	49.07382965	0	3.726031542	1.399002433	157.3145599	1.962432146	110.5834045	1.076233625	2.75393796	3.348212004	105.8799744	0.899493515	31.93942451	0
pas31	217.1817627	0	0.867842644	8.240638256	9.187129736	3.26807344	0	18.63296795	0.450663209	1.581692874	75.96797943	0.709908009	0	4.038884163	2.51864779	6.962998867	14.46897793	0	1.488213867	25.6083374	0	19.50607014	3.488940835	53.6197319	1.531131327	2.327126503	2.6200912	96.18625641	3.93644011	147.9707642	2.127711892	56.65044212	5.001620054	81.96938705	60.6170311	73.36263275	0.059644368
pas32	278.6060333	0	1.111964762	10.0136323	43.13585854	5.984504223	0	17.69202518	0.402334899	1.647089064	87.06639481	0	0	6.016948462	2.761036158	11.24946594	46.06604195	3.923510075	1.644760728	25.80390739	0	22.02263355	4.174286366	95.85746384	2.239451289	3.211206913	4.9591434	109.4270821	0.669900954	156.3644638	6.248835802	67.65632629	9.916884899	93.07817841	84.91255951	131.1309586	2.89959836
pas33	207.1678009	0.580577493	2.586582541	103.8202553	9.411085129	2.720407128	0.508049294	5.376656294	0.048751529	0.495077536	98.86714172	0	0	2.099131227	0.5586178	93.38843155	10.4237442	0.35236381	5.783729553	20.90393543	0	0.324550554	4.304897785	60.76843452	0.341789097	3.022829652	7.587983608	86.92066193	2.001803815	150.0761948	2.371911764	13.45555592	3.734233737	93.30715561	2.398882508	28.66483498	0
pas34	213.6620789	0.914339066	2.221071482	3.251681566	4.562347889	2.282131433	0	4.068280697	0.440232456	1.340642095	142.1897278	7.523787975	0	10.84852409	1.463772655	70.22976685	14.968009	0.768262208	11.62842274	29.37501907	4.782487869	5.987009048	1.928494334	25.00798988	0.913842142	4.206871986	5.213568687	124.6490707	9.594607353	117.6191177	1.325082898	5.840792656	2.53566885	89.67570496	1.069151998	29.18045044	1.887674332
pas35	343.3414612	0	0.596880496	3.927907944	30.21653748	0.644347072	0	10.06544304	0	0	238.4407349	0	0	0	5.649348259	52.90756226	14.06202602	0	2.23712635	28.09012985	0.514153779	1.312670708	3.427786112	153.4659424	1.747371912	9.527255058	11.7522459	82.2766571	0.148214281	168.8135986	2.538404942	2.468465328	12.0534544	129.0214386	17.57417488	23.63437271	1.184399366
pas50	366.9273682	0	1.660310626	1.905315518	7.78209734	0	0.672471702	4.881698608	0.774368823	2.771683455	111.9215469	0	0	4.91990757	1.34149766	83.1844101	74.29233551	1.328996539	1.775617957	41.01581955	0	2.15025425	5.319331646	102.1329727	0	2.98631835	1.552757859	219.4554138	3.376388073	81.10870361	1.42374301	0.668778837	5.72414732	97.40373993	2.460101604	109.3828278	0
pas51	403.1157074	0.668681651	3.256516576	11.91250277	8.70670557	0.593624741	1.836911559	9.764242172	2.808143973	3.229016423	109.7357101	1.095499754	0.360262766	5.388318062	2.807097197	107.0835457	56.16628647	2.228725553	2.644345522	42.73679733	1.202752948	2.679760337	4.732952356	88.58539963	1.691804767	3.68151772	6.194826603	174.8686295	4.144082546	135.7717056	3.52363348	4.987633705	18.12452888	96.69352341	5.769023418	78.02034378	0
pas36	189.8556976	0	1.571533322	7.841115475	5.79849577	2.100644112	0	6.287305832	0	2.948547602	113.004715	0.387116164	0	2.997071266	0.998037219	65.66912079	8.516327858	0.653126419	1.316449642	28.44322014	0	1.11808145	1.9506284	66.48724365	0.748584867	3.708414316	1.891249061	102.4873047	0	128.6580505	1.895473003	24.01206398	3.670710802	98.75030518	1.345399499	27.51702309	0.120362364
pas37	230.0676575	0.203525983	1.335309267	6.370388985	10.68057632	2.013065219	0.157715201	4.175786495	0	8.48214674	120.6391754	0	0	1.141869545	0.321023822	50.36173058	14.51419067	1.119187117	1.714559078	29.2260828	0	1.379384816	5.804342985	83.77347946	1.370513201	3.659284234	2.583343506	119.3488045	1.321903825	123.7056007	2.132898092	6.258820534	4.104404211	100.8977623	3.179240227	30.72771072	0.404249102
pas52	457.6490173	1.965111852	3.712362528	14.28913784	25.22454453	0.552349627	1.535695553	10.71510983	2.20858264	1.37617147	172.0194397	1.048084497	0.243757635	4.098912239	3.632577896	150.1141357	60.92731857	2.360775709	2.764389515	48.57239532	2.065153599	1.575248003	3.945674896	80.00982666	1.0714221	4.775556564	7.783688068	244.2073822	4.633080482	179.3547974	3.227277756	3.597209454	13.25755787	170.7398987	12.75158119	105.6475143	0
pas38	416.144577	4.32793355	3.089235187	25.94301224	17.99868298	2.290438771	1.647139907	9.76336956	0.117630035	4.394844294	232.0623016	0	0	2.192064166	2.529759884	122.131237	5.516076565	0.420235455	6.555377007	38.11822701	0.587816566	2.582445383	6.28694129	175.553566	1.500679851	7.733360291	4.917793512	135.2125702	1.717092454	244.4615784	4.398143768	23.3741684	10.91604424	136.9573135	4.311012745	18.7227993	0.477556095
pas39	248.0314484	0	1.574743867	142.409935	10.88591862	0.955040008	0.262592658	12.52859402	0	0.952674687	121.634243	0	0	0.24144236	0	90.02108002	11.29976559	0	6.144392252	29.10136032	0	0	0.548926979	51.39995766	0	4.499300241	4.982054472	108.8073921	0	152.7527695	1.425814152	3.592350364	0.848648667	105.9599075	0.117407039	29.93840122	0
pas40	297.0387878	7.186404228	1.195534587	3.061961174	9.065939903	5.770403862	1.050471902	2.135819912	0.031528939	3.146545887	166.8998413	2.166378736	0	4.801809788	10.01412106	98.41093445	75.31168365	0.351570636	2.701067686	32.15995789	0	1.314577341	6.976573944	129.7171936	1.00482893	7.320340633	3.707051039	207.9647675	2.55683279	111.2557602	3.671319008	5.648900509	7.654240131	102.3611679	3.636856556	64.43608093	5.187107086
pas41	360.3676147	1.04463917	3.804393888	125.9156609	26.75292015	2.260285854	3.522786856	11.54913807	0.746345967	5.359920502	184.489502	0	0	1.757954121	2.82799685	89.84442139	20.06216145	0.718289286	8.264667749	46.24162292	0	0.039436882	1.160107195	95.74287415	1.185942113	6.881254435	6.619878531	116.0249329	0.362651378	216.0568161	2.421277165	10.17882299	1.836461306	102.1744156	2.172785759	36.13456917	0.527275383
pas42	172.2552643	0	0	36.02002716	8.936890125	0	0	7.918469191	0	2.842181325	123.8780479	0	0	0	0	60.51125145	10.73784113	0	2.273865938	20.27957439	0	0	0.214916661	52.7938118	0	3.072288871	1.18371433	64.49442673	0	104.8799782	0.732658148	11.58730507	2.234805226	92.99315643	0.211081319	27.42305279	0
pas43	274.3845825	1.384034276	4.406435966	6.176895618	8.783584595	4.073729515	2.988116026	7.294452667	2.067927837	9.899043083	311.5867615	1.33967793	1.649074793	5.495584488	0.154073536	56.11810684	24.81588554	3.820586443	3.547765493	20.46593285	6.734992027	0	3.097183704	53.0831337	0	5.493964672	0	83.44828033	1.091038465	121.4458084	3.733620882	9.517892838	1.785521626	77.09929657	0	11.93693924	0
pas44	226.7063141	0	1.915837884	22.72766495	15.4608717	2.314697504	0	6.14815712	0	5.069803715	196.922699	0	0	1.321520686	0	127.3872986	26.61169815	0	2.744998455	21.71460915	0	0	1.070120096	59.40245819	1.103396535	5.864144802	0.508371711	108.9883652	0	139.1286011	2.158852816	5.099690437	1.871149659	114.5557251	1.690118909	51.44879913	0
pas45	250.8252258	0	4.115352154	5.125046253	17.33522415	0.071500912	0	3.04458189	0	3.47157073	171.740387	0	0	2.366383314	1.167035937	78.65838623	25.68470573	0.831182182	0	18.05722427	0	0	2.429426193	76.81609344	0	1.7619313	0.091923498	94.64829254	0.32607466	130.6474152	0.297131717	0.973540843	1.354543447	103.5076828	5.006232262	32.70194626	2.76587677
pas46	283.6355743	11.81943274	4.311680794	13.06534243	31.05979538	2.751596928	1.274180055	8.41209507	1.312212527	1.761389554	164.5462341	4.131136894	0	6.743094921	9.141008854	94.36877823	14.39497995	1.514015555	14.60338306	33.87034798	2.241200447	4.04266119	10.85350513	133.3204956	5.129549265	5.794746876	9.241708279	118.9726067	9.174113274	163.3404999	4.902915001	31.1823225	22.92117405	78.17223358	20.14484024	33.90333557	2.226736546
pas47	285.3114929	7.053082943	1.4378649	4.827057362	48.80853271	2.467374325	0.611141145	5.769800663	0	5.926484108	173.2497101	0.33719182	0	3.279187441	7.681753159	90.66934204	18.94566345	0.258894205	4.100227356	35.01365662	0	1.964809895	8.112201691	149.1080627	0.929116607	5.756358147	8.016345978	136.2507935	2.817945242	155.5644989	2.362384558	12.04746628	9.60362339	99.32956696	20.05791283	26.47193336	1.530404687
pas48	381.1555786	6.516220093	3.617259145	9.232169628	13.53847837	3.689873576	1.559477091	15.03754997	1.62225771	3.685241103	314.9707184	9.486938477	0	2.304612041	3.077030897	97.08574677	32.84719849	3.351425529	4.305378675	56.44557381	2.611442566	8.753008366	8.102963448	222.8595734	4.007043958	13.11236238	5.675795078	145.1204224	5.297922134	188.5869064	3.336736441	13.29894972	9.384158611	61.52670288	5.14665699	91.6190033	3.487039566
pas49	249.2779236	0	1.329176307	88.61837006	16.39907932	0.664415777	0.710522622	19.3613615	0	2.430797577	203.4696579	0	0	0.258761197	0.75965184	111.4793053	28.24498558	0	5.830587864	52.53017807	0	0	0.814124346	67.44649506	0.028709733	6.954802036	6.142098188	124.575058	0	192.2433472	2.155253053	1.812504947	1.16867733	116.1012573	1.677228332	63.29070854	0
ctr10	324.8488464	5.042245865	5.181383133	5.297255516	1.331525922	2.431871176	1.405356407	8.946333885	6.424069881	3.961177588	108.1760178	3.208619356	0	3.395920992	0.684403062	81.7406311	11.6906929	2.857705832	2.554074049	34.46299744	1.317103148	7.117413521	4.952486992	147.365509	0	5.101015091	1.948459625	56.49137115	2.353681803	158.7658081	1.708441734	23.12037086	2.574461222	288.3320923	4.667704582	34.15576935	0.062052265
ctr11	523.0062866	7.410536289	5.279207945	14.92042971	7.304665327	0.093723044	2.941487312	8.45404768	9.730393887	3.02064693	145.0357399	1.597679079	0.876060724	8.870189667	1.684225857	116.1644783	51.32277298	4.721941948	4.587402821	46.49949265	3.720603704	6.205231905	7.692985773	83.1952095	0.208298357	5.109873772	3.081412196	379.7717438	4.936615825	105.6956978	2.51161921	5.137881279	5.53016758	89.12069702	11.20553112	36.5915432	0
ctr2	228.9231873	0.016342245	4.62680006	61.93380356	2.812467575	4.653810978	0	3.63305378	3.712420225	0	74.54192352	5.778436184	0	7.019460678	1.502540946	58.21734238	14.7033186	0.046292767	8.955698013	16.31641197	0	3.274932146	1.086753607	25.19410324	0	2.901056051	4.68738699	200.2955627	3.950593472	130.2660675	1.062649846	6.811378956	0	119.6603012	5.521826267	35.19589615	1.709601641
ctr3	258.5018921	2.815285206	5.373677731	31.89948082	2.87805295	2.787979603	1.793886304	7.359826565	3.061386585	0.242369518	146.3300781	4.624678135	0.277214736	2.747924328	2.499587297	2.363028049	8.685828209	0	9.421450615	23.71894646	1.34618485	4.758657932	1.987192035	66.46633148	1.412633061	6.867052078	6.694355011	221.922821	6.754649639	166.4638519	1.910511494	5.997679234	6.996984959	141.3589935	6.878448486	16.25729179	3.409834385
ctr4	202.212616	3.676197052	8.141851664	290.8484802	9.70578289	4.455327988	2.20749867	6.69933486	25.7309866	0	34.4211998	4.639156342	0	6.297362804	0	98.87651825	22.36228943	5.1396873	13.04613018	24.56181622	2.215492964	10.00084925	6.838339806	36.54255104	0.647409141	2.200101435	12.58235216	115.8627663	5.81692934	160.8217773	2.056397319	60.15891266	5.305534363	120.95047	2.437131286	75.52128983	2.953447223
ctr5new	251.3592987	2.447364688	2.725649953	5.428710461	0.475515202	1.121622622	0	5.823941469	5.18512845	4.951737404	90.71800613	2.549626946	0	4.276032209	0	105.2504005	15.09219646	2.285316825	2.889424324	29.97576237	1.66981113	7.27022481	4.633347988	112.2654495	0	4.299916267	1.823588908	89.04408264	0	164.470932	2.109853387	24.66746044	3.040097237	292.4994202	5.817463875	32.15085411	0
ctr5old	338.0076599	6.772010326	14.19591904	183.8041534	6.991324425	4.856968403	0.125552818	8.680508614	4.335888863	0.592917442	118.5174713	7.389683247	1.232116342	8.74703598	1.371292114	121.0958176	20.96656036	7.792462826	12.04238892	30.83773041	4.899382114	3.550549746	9.083925247	74.64627838	1.064712882	7.361055851	9.457805634	187.1802979	0.039040085	251.4046173	4.274507046	65.1823349	3.85372138	255.8972168	4.364889622	74.45696259	1.54159224
ctr6	222.8770599	0	0.542897254	4.078821898	0	0	0	2.350968719	0	2.618200541	84.12385178	0	0	1.529749155	0	84.35732651	12.58477163	0	0.721941948	29.76988411	0	1.614177942	3.279991388	124.9661903	0	1.310293376	0.465073586	83.96885681	1.521822631	168.4619446	1.006576955	1.857814729	0.869511127	253.1721802	6.176312208	26.26982498	0
ctr7	397.8379974	146.4875336	8.645914555	9.473996639	5.697371006	2.095444202	2.996049523	6.305684328	17.24245358	4.9589746	215.0902405	15.4472127	0	1.385676384	1.409158766	113.2329178	27.36616039	9.524570465	15.19249916	38.23535919	5.91379714	16.17291355	16.44717312	188.7164001	0	8.90221262	2.803374052	93.65050125	17.97264099	235.5382767	0.039302937	87.546875	17.26437092	336.8337402	11.02440977	45.27146149	1.71267283
ctr8	324.8488464	5.042245865	5.181383133	5.297255516	1.331525922	2.431871176	1.405356407	8.946333885	6.424069881	3.961177588	108.1760178	3.208619356	0	3.395920992	0.684403062	81.7406311	11.6906929	2.857705832	2.554074049	34.46299744	1.317103148	7.117413521	4.952486992	147.365509	0	5.101015091	1.948459625	56.49137115	2.353681803	158.7658081	1.708441734	23.12037086	2.574461222	288.3320923	4.667704582	34.15576935	0.062052265
ctr9	324.8488464	5.042245865	5.181383133	5.297255516	1.331525922	2.431871176	1.405356407	8.946333885	6.424069881	3.961177588	108.1760178	3.208619356	0	3.395920992	0.684403062	81.7406311	11.6906929	2.857705832	2.554074049	34.46299744	1.317103148	7.117413521	4.952486992	147.365509	0	5.101015091	1.948459625	56.49137115	2.353681803	158.7658081	1.708441734	23.12037086	2.574461222	288.3320923	4.667704582	34.15576935	0.062052265
