ID	CD45	EpCAM	casp3	CD45RA	CD69	PgR	CD56	TCRab	HER2	CD25	CD44	PanKer	TCRgd	pSTAT1	TIGIT	CD27	VIM	Ecad	PDL12	CD28	KI67	FoxP3	ER	CD45RO	CD19	CD24	CD38	CD8	EGFR	CD3	CD20	pS6	HLADR	CD4	PD1	Hist1763	CD16
pas1	NaN	NaN	NaN	NaN	NaN	NaN	NaN	NaN	NaN	NaN	NaN	NaN	NaN	NaN	NaN	NaN	NaN	NaN	NaN	NaN	NaN	NaN	NaN	NaN	NaN	NaN	NaN	NaN	NaN	NaN	NaN	NaN	NaN	NaN	NaN	NaN	NaN
pas2	NaN	NaN	NaN	NaN	NaN	NaN	NaN	NaN	NaN	NaN	NaN	NaN	NaN	NaN	NaN	NaN	NaN	NaN	NaN	NaN	NaN	NaN	NaN	NaN	NaN	NaN	NaN	NaN	NaN	NaN	NaN	NaN	NaN	NaN	NaN	NaN	NaN
pas3	NaN	NaN	NaN	NaN	NaN	NaN	NaN	NaN	NaN	NaN	NaN	NaN	NaN	NaN	NaN	NaN	NaN	NaN	NaN	NaN	NaN	NaN	NaN	NaN	NaN	NaN	NaN	NaN	NaN	NaN	NaN	NaN	NaN	NaN	NaN	NaN	NaN
pas4	296.8888702	0.567866623	4.314696306	310.2971954	29.49871826	2.879440308	0	8.535447121	0.942071944	0	99.6348381	2.647773027	0	2.229879916	2.490171194	87.6385231	17.47031784	0.373348877	10.98759937	39.32704449	3.489420652	7.052681342	16.69979239	119.3850365	4.065926403	3.088124275	2.585841656	164.875061	4.659483314	162.0376549	5.325322628	9.685037851	1.420074821	11.6804328	0.347464174	19.40600348	0.28013289
pas5	NaN	NaN	NaN	NaN	NaN	NaN	NaN	NaN	NaN	NaN	NaN	NaN	NaN	NaN	NaN	NaN	NaN	NaN	NaN	NaN	NaN	NaN	NaN	NaN	NaN	NaN	NaN	NaN	NaN	NaN	NaN	NaN	NaN	NaN	NaN	NaN	NaN
pas6	NaN	NaN	NaN	NaN	NaN	NaN	NaN	NaN	NaN	NaN	NaN	NaN	NaN	NaN	NaN	NaN	NaN	NaN	NaN	NaN	NaN	NaN	NaN	NaN	NaN	NaN	NaN	NaN	NaN	NaN	NaN	NaN	NaN	NaN	NaN	NaN	NaN
pas7	NaN	NaN	NaN	NaN	NaN	NaN	NaN	NaN	NaN	NaN	NaN	NaN	NaN	NaN	NaN	NaN	NaN	NaN	NaN	NaN	NaN	NaN	NaN	NaN	NaN	NaN	NaN	NaN	NaN	NaN	NaN	NaN	NaN	NaN	NaN	NaN	NaN
pas8	NaN	NaN	NaN	NaN	NaN	NaN	NaN	NaN	NaN	NaN	NaN	NaN	NaN	NaN	NaN	NaN	NaN	NaN	NaN	NaN	NaN	NaN	NaN	NaN	NaN	NaN	NaN	NaN	NaN	NaN	NaN	NaN	NaN	NaN	NaN	NaN	NaN
pas9	500.6260681	14.57884693	7.767424107	355.4891052	53.05869675	5.543174744	11.53826332	19.07271576	2.240586281	2.132627487	444.0898132	0	0	9.069046021	7.277007103	46.31452942	25.93444443	0	9.255105019	52.18189621	3.676934719	7.972661495	1.971029282	269.401947	0	5.692560196	20.38106155	51.20928955	0	130.3368073	0	14.98634243	30.33535004	0	18.39636421	21.98243141	1.849139214
pas10	NaN	NaN	NaN	NaN	NaN	NaN	NaN	NaN	NaN	NaN	NaN	NaN	NaN	NaN	NaN	NaN	NaN	NaN	NaN	NaN	NaN	NaN	NaN	NaN	NaN	NaN	NaN	NaN	NaN	NaN	NaN	NaN	NaN	NaN	NaN	NaN	NaN
pas11	NaN	NaN	NaN	NaN	NaN	NaN	NaN	NaN	NaN	NaN	NaN	NaN	NaN	NaN	NaN	NaN	NaN	NaN	NaN	NaN	NaN	NaN	NaN	NaN	NaN	NaN	NaN	NaN	NaN	NaN	NaN	NaN	NaN	NaN	NaN	NaN	NaN
pas12	193.0367966	1.448670566	18.86124229	91.21026611	33.12215424	9.525319099	0.704242349	10.52622557	3.384934306	0	57.47064781	14.12073898	0	18.17614269	2.525529146	2.596519589	22.60928059	5.032640934	5.670852661	8.539433479	17.07183647	42.68611908	12.51807499	80.07894516	9.767690182	8.43859005	19.07474899	83.13253403	14.86473989	74.98455811	13.19855022	278.8780975	110.3037796	17.04397964	53.66133881	193.496254	5.207402468
pas13	NaN	NaN	NaN	NaN	NaN	NaN	NaN	NaN	NaN	NaN	NaN	NaN	NaN	NaN	NaN	NaN	NaN	NaN	NaN	NaN	NaN	NaN	NaN	NaN	NaN	NaN	NaN	NaN	NaN	NaN	NaN	NaN	NaN	NaN	NaN	NaN	NaN
pas14	NaN	NaN	NaN	NaN	NaN	NaN	NaN	NaN	NaN	NaN	NaN	NaN	NaN	NaN	NaN	NaN	NaN	NaN	NaN	NaN	NaN	NaN	NaN	NaN	NaN	NaN	NaN	NaN	NaN	NaN	NaN	NaN	NaN	NaN	NaN	NaN	NaN
pas15	348.5666046	0	9.244934082	394.6773834	28.5515604	3.570347786	1.860030949	9.077425957	0	1.341183901	264.3046417	0	0	1.445668757	3.010478377	110.1072655	28.23682594	0	13.8050108	49.17970848	0	1.935816705	0.426853016	150.679451	2.759641767	10.36440611	7.711826563	161.0189819	0	177.9646683	1.025478095	6.782047987	6.100851059	0	5.06633687	33.60414791	0
pas16	NaN	NaN	NaN	NaN	NaN	NaN	NaN	NaN	NaN	NaN	NaN	NaN	NaN	NaN	NaN	NaN	NaN	NaN	NaN	NaN	NaN	NaN	NaN	NaN	NaN	NaN	NaN	NaN	NaN	NaN	NaN	NaN	NaN	NaN	NaN	NaN	NaN
pas17	230.3926926	0.532933176	21.24564362	452.6060181	36.93727112	12.37470007	23.31986618	18.60696888	3224.52832	9.572133541	116.4478073	0	0.193445688	2.198760927	3.746222854	115.7867355	12.49348354	1.757471621	11.07857323	16.69759274	1.389987946	2.869223177	0	102.9394455	0.500679288	2.753486753	1.875132859	111.3311882	0	116.2798233	2.387023449	5.932353497	0	5.005637646	0.120373175	20.37849045	0
pas18	257.7446899	0	9.898189545	392.4508057	4.308156013	2.449018478	6.204708576	5.176061153	3.569125891	0.899649978	69.51829529	0	0	9.15952301	0	110.4770355	7.361001492	0	24.95178795	38.8675499	6.952485085	0	8.01175499	69.91838074	6.284747601	8.004327774	24.56706047	123.3409958	2.472939014	273.1400146	0.360530198	68.42245483	11.24317455	0.032796048	1.630767465	55.5959053	0
pas19	569.7282715	1.2190063	14.5171442	1186.435181	216.1208801	11.170578	8.332010269	11.22567749	1.276852608	29.26538849	629.8622437	23.72195244	0.080417454	0	11.47226429	3.58066535	37.88629913	0	62.23420334	10.29523373	5.493506432	65.09774017	9.694648743	161.1134338	29.35785484	54.03212357	33.67321396	171.38414	17.70119476	85.77204132	28.23173714	49.90119553	585.7633057	11.84131241	17.56643105	72.7492981	8.194999695
pas20	369.0910034	0	19.72631621	425.5792236	39.71708679	6.041965961	10.12649059	14.06257486	4.156043112	6.352505684	127.8391724	0.748507261	0	10.44163227	13.60748529	97.80379868	41.34668732	2.508555174	14.20585251	19.30164576	1.827802062	9.702104092	6.632975817	192.79953	5.456624836	8.653997421	29.53794765	211.8377914	2.436532617	193.0770035	2.908704758	6.815534592	31.52612114	4.700462818	5.087935328	50.0128479	9.760163546
pas21	435.8410034	0	9.520354271	659.6032104	28.57892227	7.297756672	6.393633366	8.855675697	0.563675523	4.059432983	194.1885986	0	0.401971847	5.882052898	0	225.7928619	26.21299553	0.211357057	28.01340866	39.39775467	0	0	1.307174325	79.16889954	0.49451679	6.966733456	3.338612556	449.3827515	0.22361213	187.0467377	3.088893175	7.392764568	6.923806667	7.913689613	0.792314768	149.9144135	0.827486634
pas22	198.9351959	0.055878054	16.04759407	489.2081299	22.33210564	13.29069233	28.39226723	10.18012238	3030.54541	10.08719158	102.6185837	0	0.358048677	1.75091815	0	86.47383881	15.8318491	0.968075871	17.63064384	15.70600986	0	0	0	87.50499725	0	1.099325895	2.117033005	108.002243	0	106.774498	2.360900879	0.757847786	0	0	0	46.64786911	0
pas23	245.1085815	2.571715593	13.87589741	392.839386	18.86223984	6.2091012	5.149355888	6.597374439	2.853420734	0.834724963	98.47949982	2.898845911	0	7.06926775	1.726776958	97.76678467	21.23322105	5.129861355	16.40675735	26.21418953	3.313775063	12.62354565	2.450804949	284.9101257	1.697636604	5.20821619	3.539419413	172.6925812	0	133.5931091	1.255934	17.92022896	2.433993578	0.367607504	1.298054218	46.54542542	0
pas24	117.3923035	3.622660637	7.633835316	431.8682251	13.15263653	10.93658352	0.144967631	8.691153526	0.296039641	0	78.43789673	10.89244938	0	9.308520317	0	145.0425415	8.872994423	0.774643779	19.60686684	17.45832253	14.54063129	57.99573517	8546.509766	131.2368774	0.845496356	0.92660141	9.730506897	89.17484283	0	94.92658997	0	25.85199738	2.401106358	2.030888796	0	0	5.346966743
pas25	419.8182373	0.308312327	4.506546855	355.4524994	26.98186684	2.571436524	4.018198133	13.84921265	5.186079502	0.079977917	111.8932114	2.256334245	0	0.508645751	2.523267746	100.9198227	19.04551697	1.365004808	11.69177961	27.44158173	1.237098724	2.39713645	8.738204479	185.6400299	1.794567466	3.243072152	15.19151211	305.4404831	4.329704285	197.5539703	6.700293779	7.522695541	11.39097691	7.273906708	10.72853041	73.00997543	5.985162616
pas26	561.1184082	0	17.08428383	731.7254028	22.46889496	7.661454678	5.735139847	9.088915825	1598.717896	7.900889397	222.0029602	0	0	0.243244424	2.388539791	92.41152954	31.97597694	3.511780024	9.602016449	24.19525528	0.560574591	1.66559124	0	69.90013885	1.587539673	3.935681105	0	163.6698151	0	160.3651733	3.079045057	16.08910179	0.37141338	2.525334597	2.154130459	4.0653615	0
pas27	98.76024628	4.53067112	62.17242813	211.1975708	62.60303879	27.5073185	78.24046326	21.80743217	11751.14648	35.28610611	51.24637604	0	0.270864993	1.989313006	0.391434014	28.1910553	7.218838215	0	3.439907074	8.579277039	0.151969001	3.420370102	1.533699036	412.1820984	0	0	0.873413026	84.5552063	1.669751048	40.64580917	1.229094028	7.418526173	2.821877003	0.098344997	0.202779993	15.11959362	0
pas28	NaN	NaN	NaN	NaN	NaN	NaN	NaN	NaN	NaN	NaN	NaN	NaN	NaN	NaN	NaN	NaN	NaN	NaN	NaN	NaN	NaN	NaN	NaN	NaN	NaN	NaN	NaN	NaN	NaN	NaN	NaN	NaN	NaN	NaN	NaN	NaN	NaN
pas29	225.4305878	0	4.634753108	433.366745	30.67852974	1.477182269	0.25388819	13.82201147	0	1.262739897	55.63553238	1.275267482	0	3.527150035	4.864165068	111.8432312	3.280989528	1.355957747	16.32473373	37.72027969	1.770905614	0	4.190471649	106.4914436	0.362125456	2.1572721	10.1722455	180.1654282	3.988229513	194.8551407	5.137740135	11.71377802	0	11.57655621	10.8918438	66.38941193	0
pas30	NaN	NaN	NaN	NaN	NaN	NaN	NaN	NaN	NaN	NaN	NaN	NaN	NaN	NaN	NaN	NaN	NaN	NaN	NaN	NaN	NaN	NaN	NaN	NaN	NaN	NaN	NaN	NaN	NaN	NaN	NaN	NaN	NaN	NaN	NaN	NaN	NaN
pas31	NaN	NaN	NaN	NaN	NaN	NaN	NaN	NaN	NaN	NaN	NaN	NaN	NaN	NaN	NaN	NaN	NaN	NaN	NaN	NaN	NaN	NaN	NaN	NaN	NaN	NaN	NaN	NaN	NaN	NaN	NaN	NaN	NaN	NaN	NaN	NaN	NaN
pas32	262.254467	11.73191833	17.79124498	318.0503006	90.16553402	14.28858817	10.05460954	24.2403574	18.43554354	15.66604233	138.591423	10.52336407	10.80717659	29.98314762	29.18839455	17.6177969	31.83822393	11.29326308	21.51136923	61.56464386	792.3448772	14170.91622	2609.095671	271.2168121	16.29246187	9.615759611	0	205.2610168	3.878153443	108.6121979	31.1127277	85.98005009	81.39329529	7.5095191	56.20318794	167.6864891	2.382488012
pas33	142.6842575	2.029092491	14.85955381	256.6367874	17.13686657	14.65581989	3.669763684	3.560237527	3.202435136	0.571410716	58.70088577	4.151148081	0	11.38861752	2.892857075	66.08428955	9.545760632	1.148815483	13.2290554	23.50206947	36.79705524	130.3981323	9718.025879	214.8212128	3.321195304	5.791460037	12.13950539	105.539238	7.880336046	92.18031311	0.192368224	1.542495251	3.192798376	4.418291092	0	31.51533985	1.683236092
pas34	NaN	NaN	NaN	NaN	NaN	NaN	NaN	NaN	NaN	NaN	NaN	NaN	NaN	NaN	NaN	NaN	NaN	NaN	NaN	NaN	NaN	NaN	NaN	NaN	NaN	NaN	NaN	NaN	NaN	NaN	NaN	NaN	NaN	NaN	NaN	NaN	NaN
pas35	328.6747589	0	4.719872713	249.3079529	37.60552835	6.911413312	14.00144148	4.724300742	3.871410608	4.721304417	364.543396	2.105386257	0	0	8.53927362	170.2471733	7.695369005	0.531836033	3.326806188	25.84135294	5.062573433	5.499663353	7.606956244	246.5129204	0	18.3693552	10.5142107	250.67379	4.094013363	139.8224564	11.66119385	2.87425518	13.05770397	1.156385064	26.45155239	12.3576417	3.752870202
pas50	NaN	NaN	NaN	NaN	NaN	NaN	NaN	NaN	NaN	NaN	NaN	NaN	NaN	NaN	NaN	NaN	NaN	NaN	NaN	NaN	NaN	NaN	NaN	NaN	NaN	NaN	NaN	NaN	NaN	NaN	NaN	NaN	NaN	NaN	NaN	NaN	NaN
pas51	NaN	NaN	NaN	NaN	NaN	NaN	NaN	NaN	NaN	NaN	NaN	NaN	NaN	NaN	NaN	NaN	NaN	NaN	NaN	NaN	NaN	NaN	NaN	NaN	NaN	NaN	NaN	NaN	NaN	NaN	NaN	NaN	NaN	NaN	NaN	NaN	NaN
pas36	239.0430298	0	1.895581722	587.8312988	73.03151703	0.223903224	0.807877302	11.1844492	0	0	64.07977295	13.64795399	0	0	0	250.7919159	7.150602341	1.535521388	7.800226688	25.04193497	0	14.54699135	0.818900049	105.5615234	1.518000841	6.206801414	5.429622173	199.3874054	0.951220989	231.4812927	4.972553253	74.59996796	4.517387867	4.477467537	19.17360115	18.1710186	0
pas37	287.6156311	3.739320993	4.888015509	468.8552856	17.42356348	6.706010103	4.990818501	7.634297609	1.023895413	0	103.1078186	4.305267215	0	11.25808477	0.41055128	133.8124847	78.18002224	8.848771095	15.23893642	19.286448	27.67257118	102.7002029	8254.717041	128.8166885	5.543045759	5.540961385	3.488856673	136.7055588	2.544102788	251.9677963	0	25.0661726	1.14408356	0.414854497	2.139729738	136.5434837	0
pas52	NaN	NaN	NaN	NaN	NaN	NaN	NaN	NaN	NaN	NaN	NaN	NaN	NaN	NaN	NaN	NaN	NaN	NaN	NaN	NaN	NaN	NaN	NaN	NaN	NaN	NaN	NaN	NaN	NaN	NaN	NaN	NaN	NaN	NaN	NaN	NaN	NaN
pas38	380.3539886	9.222678661	10.216434	364.3843384	31.86322594	4.084763169	5.001006842	6.954730988	0	1.727762818	252.5667038	0.321953833	0	3.506070971	11.65545034	136.0052338	5.415183783	2.512617052	12.34075546	32.2507925	1.415799201	1.574613363	4.726981282	130.3788719	4.578938484	9.099573612	14.48858738	152.3509293	1.124730304	170.5934067	7.119767904	37.63275051	18.28008699	5.541210651	3.692376494	23.6163826	2.428812563
pas39	274.732605	0	21.56502438	411.3067474	33.72125053	9.907758236	14.42596436	8.388195038	1964.48815	6.808356285	134.6942596	0	0	0	4.8136096	90.1688118	10.29950809	0	17.71130371	18.45151377	3.461983681	0.95702374	5.49149859	120.339798	0.444172084	0.801235795	5.992952108	153.2629929	1.283073664	122.560955	6.03853035	2.275084496	1.742938519	2.175186396	0	20.5548315	0
pas40	NaN	NaN	NaN	NaN	NaN	NaN	NaN	NaN	NaN	NaN	NaN	NaN	NaN	NaN	NaN	NaN	NaN	NaN	NaN	NaN	NaN	NaN	NaN	NaN	NaN	NaN	NaN	NaN	NaN	NaN	NaN	NaN	NaN	NaN	NaN	NaN	NaN
pas41	486.1782837	1.159942627	7.251123428	400.3606415	24.69250488	4.089774609	3.656640649	17.06362772	4.412959456	1.151023686	259.3122253	0.174124621	0	1.198797345	5.063287973	105.0813904	23.38632584	0	12.70259094	44.20429039	0	1.356053531	2.082564056	98.14405441	1.457563937	6.398879051	4.541064024	171.0433731	2.371203661	205.815033	2.276661634	18.59557152	12.48243427	3.814028382	2.361719429	26.19398117	1.126011968
pas42	180.8112793	0	9.261748314	387.4563904	14.5116024	2.546067715	2.271645546	20.38202286	0	0.499220252	82.0670929	0	0	5.061313629	3.358004808	89.21579742	0	0	15.49511528	14.86554432	0	0.038546864	0	123.7677383	0	2.413132906	0	80.39665985	0	112.9612808	0	20.85584259	0.436584413	3.796699762	0.808974564	23.01243401	0
pas43	NaN	NaN	NaN	NaN	NaN	NaN	NaN	NaN	NaN	NaN	NaN	NaN	NaN	NaN	NaN	NaN	NaN	NaN	NaN	NaN	NaN	NaN	NaN	NaN	NaN	NaN	NaN	NaN	NaN	NaN	NaN	NaN	NaN	NaN	NaN	NaN	NaN
pas44	243.94384	0	10.39871168	401.646698	32.78649807	3.645809889	10.85353279	7.068875074	3.77847898	3.004531264	182.2313461	0	0	3.070036113	4.776336432	122.629776	19.33658743	0.41078046	12.42260122	18.60990715	0.025123974	1.512583733	3.178676844	127.6749496	4.993576288	8.809729338	4.879145861	119.9974632	0	103.4107895	4.04298377	6.361925125	1.589793801	0	2.725624204	83.99692154	0
pas45	NaN	NaN	NaN	NaN	NaN	NaN	NaN	NaN	NaN	NaN	NaN	NaN	NaN	NaN	NaN	NaN	NaN	NaN	NaN	NaN	NaN	NaN	NaN	NaN	NaN	NaN	NaN	NaN	NaN	NaN	NaN	NaN	NaN	NaN	NaN	NaN	NaN
pas46	224.2836838	5.546392441	7.755439997	311.4385071	29.76817226	3.295671225	4.195535183	4.001528502	4.611393034	1.335480452	100.6074715	2.490369558	0	9.343933105	1.42223537	91.33518028	11.99752426	4.635719895	29.27719021	24.9010334	6.586167336	2.784938812	22.57333326	123.5611877	13.8202157	10.2361474	5.589581728	111.7174263	5.982571125	130.2646065	6.751840353	51.10417461	27.18516159	8.150455475	7.450650215	34.69878578	4.885396957
pas47	NaN	NaN	NaN	NaN	NaN	NaN	NaN	NaN	NaN	NaN	NaN	NaN	NaN	NaN	NaN	NaN	NaN	NaN	NaN	NaN	NaN	NaN	NaN	NaN	NaN	NaN	NaN	NaN	NaN	NaN	NaN	NaN	NaN	NaN	NaN	NaN	NaN
pas48	356.8438721	3.786439776	19.12582207	195.4816818	37.71555328	4.565093756	3.858661056	26.86448097	2.050029516	1.274753451	238.5871048	3.68275547	0.373870622	7.83457756	5.141823292	115.2334137	47.06663895	0	8.587732792	48.26941681	0.872571707	9.241643667	15.56033802	305.3991852	2.503258586	7.474960327	13.36896706	193.1803055	7.539308548	182.3848572	1.091106519	14.45251894	15.34686518	4.373501658	6.871520519	85.75149536	4.492312908
pas49	234.1485519	0.073229328	12.42411518	368.0364838	39.27320385	3.905468106	5.266115069	13.34944677	2.145590901	0	167.4290009	0.949480906	0	1.505861849	2.881453514	121.883007	32.74991226	0	11.35440445	44.24476433	0	0	1.765248179	103.8370094	1.262838632	1.994817361	4.576202869	210.1835327	0.009290977	144.627327	1.878930449	9.503481865	1.0533676	3.825826049	1.528664142	69.45004654	0.926150084
ctr10	275.3765564	11.29470158	37.12852478	581.1586914	24.45165634	9.125466347	21.54141426	11.1555357	2315.405273	4.468151093	77.6051712	1.787345529	0	3.596217632	3.556499958	60.49795532	9.820436478	3.045347691	19.24401665	17.71541214	2.411418438	3.4812572	2.228373766	101.8044968	0.00171857	4.888217926	3.034413099	208.881897	0.764247417	144.2919006	1.47180295	15.87873363	2.932414532	2.621411562	1.447646737	33.19412231	1.738178015
ctr11	NaN	NaN	NaN	NaN	NaN	NaN	NaN	NaN	NaN	NaN	NaN	NaN	NaN	NaN	NaN	NaN	NaN	NaN	NaN	NaN	NaN	NaN	NaN	NaN	NaN	NaN	NaN	NaN	NaN	NaN	NaN	NaN	NaN	NaN	NaN	NaN	NaN
ctr2	NaN	NaN	NaN	NaN	NaN	NaN	NaN	NaN	NaN	NaN	NaN	NaN	NaN	NaN	NaN	NaN	NaN	NaN	NaN	NaN	NaN	NaN	NaN	NaN	NaN	NaN	NaN	NaN	NaN	NaN	NaN	NaN	NaN	NaN	NaN	NaN	NaN
ctr3	367.6880035	2.451044947	7.839689732	537.9253235	12.89723778	2.769154668	5.497931898	3.986032009	0.131009102	0.271498114	212.8771362	1.078238845	2.735821605	3.348817885	2.2523247	0	8.592149734	0	24.59898376	16.83004904	2.583222926	6.468940496	4.707553864	177.5374985	1.337480426	10.35078049	12.33463049	290.1038513	0.339428872	184.9810486	1.494062707	1.692961454	8.416152716	2.03378737	1.930651397	14.83364916	0
ctr4	238.5653687	2.445702076	3.963115215	471.2876587	14.80234623	6.581743717	3.2456007	4.570061207	28.49817657	0	48.74386978	7.292431355	0	5.626040459	0	93.31417847	36.89457703	2.209276915	20.39380646	22.96129036	6.349546909	0	6.690578461	117.5963669	3.421302557	3.305566788	5.574316502	225.078949	11.00678444	128.0453033	4.85459137	92.94206238	32.57850647	5.912702084	0.337144285	100.6819687	4.966441631
ctr5new	453.5469055	6.754456997	12.81134129	600.0192261	16.54721642	5.495916367	6.630550861	6.691160202	5.034588337	0.79700619	129.0107574	3.256133318	0	5.672545433	0.122830458	65.25073242	32.01593399	3.383487701	16.3328228	24.27058411	1.930808663	4.155758381	7.739580154	86.82349396	0	8.610568047	8.070842743	365.6105347	0.694742858	229.992157	2.101009607	29.52454758	6.672506332	1.993451238	2.974222183	54.96024323	3.933260202
ctr5old	392.7328796	6.121938705	19.36543655	588.2782593	15.44188404	6.398476601	1.936017632	5.658884048	4.118008137	0	139.9587708	7.013099194	3.646249533	11.19551849	1.231793523	128.3440247	24.8208847	7.205096245	21.65794563	22.65146446	4.253984451	4.137514114	9.865727425	106.3604965	0.825861275	7.856607914	14.2917738	245.9337921	0.476275265	272.387207	3.991576433	64.11985779	5.802740574	6.456121922	1.28346169	77.93147278	3.168937683
ctr6	262.6777344	0	1.979876757	443.2916565	34.53689575	0	19.60124207	8.386890411	0	1.244259	56.75102615	0	0	9.700504303	13.39649296	68.3489151	16.64847374	0	23.58912849	38.35890198	0	1.88540709	5.299217701	205.1756287	0	2.461927414	3.126056671	411.7025757	0	309.4008484	0	20.01270103	0.971681237	10.25205517	0.935484827	37.60626984	18.35330009
ctr7	494.4248047	131.1712341	23.89562607	702.8605347	29.56712341	7.988065243	10.75074768	8.06464386	2.591187716	1.293502569	176.7380066	9.531475067	0	11.7976017	5.810517311	22.61245728	42.16274261	4.650145531	35.53660965	7.957115173	12.19944763	17.59178734	32.46723175	87.35374451	1.903411746	10.56377316	11.95247269	307.3757629	19.68094826	267.3210754	3.770859003	83.62214661	20.00476837	9.492288589	5.984035015	54.74654007	2.773101091
ctr8	275.3765564	11.29470158	37.12852478	581.1586914	24.45165634	9.125466347	21.54141426	11.1555357	2315.405273	4.468151093	77.6051712	1.787345529	0	3.596217632	3.556499958	60.49795532	9.820436478	3.045347691	19.24401665	17.71541214	2.411418438	3.4812572	2.228373766	101.8044968	0.00171857	4.888217926	3.034413099	208.881897	0.764247417	144.2919006	1.47180295	15.87873363	2.932414532	2.621411562	1.447646737	33.19412231	1.738178015
ctr9	275.3765564	11.29470158	37.12852478	581.1586914	24.45165634	9.125466347	21.54141426	11.1555357	2315.405273	4.468151093	77.6051712	1.787345529	0	3.596217632	3.556499958	60.49795532	9.820436478	3.045347691	19.24401665	17.71541214	2.411418438	3.4812572	2.228373766	101.8044968	0.00171857	4.888217926	3.034413099	208.881897	0.764247417	144.2919006	1.47180295	15.87873363	2.932414532	2.621411562	1.447646737	33.19412231	1.738178015
