ID	CD45	EpCAM	casp3	CD45RA	CD69	PgR	CD56	TCRab	HER2	CD25	CD44	PanKer	TCRgd	pSTAT1	TIGIT	CD27	VIM	Ecad	PDL12	CD28	KI67	FoxP3	ER	CD45RO	CD19	CD24	CD38	CD8	EGFR	CD3	CD20	pS6	HLADR	CD4	PD1	Hist1763	CD16
pas1	240.5732269	0	1.206093192	7.520830631	12.87174511	1.875495791	0	7.04370451	0	0	98.78517914	0	0	2.608769894	1.142427087	52.45384979	16.13703728	0.942486882	1.055098653	20.37440109	0	0.963550091	2.62334609	76.98142242	2.071814299	3.24245882	2.844779253	4.993143559	0	180.1562805	1.774265289	3.140808821	1.798734188	34.6893158	2.457953215	25.10131645	0.232958138
pas2	226.477417	1.556198478	1.479509592	7.452080727	9.85244751	2.104170084	0	6.155738831	0	0	87.34723663	0.320897698	0	1.751281381	0.310964644	34.89912033	27.38744354	0.526515484	1.19318223	17.39698982	0	0.527900875	4.042317867	40.22861481	0	2.96068573	2.381726503	3.113504171	1.40193522	176.6277618	1.028274775	7.321922779	0.917111397	39.92025375	1.466172934	23.67463875	1.544757009
pas3	218.7029266	0.425518766	1.523689151	5.152483702	17.72937107	0.366768643	0	4.60093379	0.311166391	1.125604212	69.74745178	0	0	1.409965754	9.454118252	65.6986351	3.370344639	0	2.070153475	35.1103878	0	1.576054871	3.291369319	147.5179291	2.803392649	3.134200811	3.874949694	2.949460149	0.307814047	160.0396423	2.63994348	5.048073292	5.009806633	143.293541	9.027593136	10.72817802	0
pas4	169.8048248	0	0.866621971	10.03454971	15.27335835	1.330993414	0	6.493707657	0	2.815422535	83.0619812	0	0	1.900249004	0	51.62150955	4.721961975	0	1.377940178	28.09276009	0	0.800049961	3.27474308	74.95688629	0.609187722	2.293184757	1.915853858	0.686554134	0.813160717	125.9846954	1.132953286	4.153882504	1.991491079	80.50546265	1.162427783	20.84475136	0
pas5	150.4383469	0	0.461176977	12.63880682	12.24986029	0.726245761	0	9.053785801	0	0.555752128	34.13439369	0	0	2.593783498	0	36.53692818	5.241481304	0.171139672	0.692368388	23.02126217	0	1.377987087	2.465197086	21.48429775	2.314003229	0.981669545	3.604139924	1.807443738	0.35319224	149.6651001	2.725133181	5.68186307	2.847107649	42.45459175	1.154390812	21.09826374	0.186972946
pas6	301.1030731	0.114961531	0.612321973	2.205319047	13.44358253	1.823588848	0	8.54384613	0	0	118.147171	0.104974315	0	3.536543131	0	22.82790947	17.43787384	0	0.029953606	26.20941448	0	1.423724115	7.516953468	91.19137955	0.345938534	3.439976454	1.695677161	1.109906852	2.159436822	225.8140182	1.094120145	8.817019939	2.185449719	53.76929665	1.414233387	29.38598061	1.521952033
pas7	233.7828751	0.001214538	1.135778427	7.143477678	10.42832041	1.030938148	0	6.645142317	0	2.768027902	93.98131943	0	0	0.811727941	0	63.18888855	4.118068218	0	1.951876462	27.71221066	0	0.513974696	3.341885328	69.75334167	0.908979297	2.861121416	3.573298931	0.843123019	0.647032976	152.7741852	1.52709955	5.835465908	2.53965795	154.8232346	2.831296563	10.69208384	0
pas8	179.8561401	0	0	6.149590492	7.032049179	0	0	3.696036339	0	0	96.28185272	0	0	0.223898202	0	0	5.767407417	0	0.056347352	15.21889496	0	0	0	16.71489906	0.138577655	2.204210043	1.152075291	0.517705679	0	132.8108215	0	1.644963264	0.350436747	46.75429916	0.285881341	6.444256783	0
pas9	298.8882904	8.280847073	1.611929357	0	35.39424706	0	0	6.530622959	0	0	203.909256	0	0	0	4.970079184	16.23784733	15.68276644	0.513418734	1.284537375	19.08566761	0	0.990493804	2.569435239	143.0767288	0	6.219084978	11.44153833	15.52619934	0	149.1154556	0	3.461883783	8.146129131	11.13542557	18.18141747	25.66552544	0
pas10	180.3531876	0	0.686351031	8.278668404	8.010859489	0.820613682	0	4.670447111	0	2.045234561	123.6348495	0.183864452	0	2.03555584	0.414059401	0	11.63498306	0	2.939960837	24.44710732	0	1.710655034	1.653516889	53.99989319	0.231718563	3.695309162	3.574337363	1.053033352	1.320043206	128.9190598	0.91762951	8.034094334	4.879668236	208.7038803	5.101195574	26.74047756	0
pas11	177.367897	0	1.318868518	10.56762648	7.553879976	2.203756332	0	9.016553879	0.150666855	1.828777313	75.45914459	1.381588101	0	3.591685176	0.562079281	92.45845413	11.68791533	0.597086132	3.801029921	23.13158226	0.209672295	1.865563154	1.944274843	48.23037148	0.110672705	2.068632007	3.199201584	1.266708016	2.282898068	165.6290054	1.578469455	3.772911906	1.66596061	180.6484833	2.122472525	34.80270958	0
pas12	105.5903206	0	6.999640226	27.12260628	6.837408543	5.401838541	0	16.54212666	2.493159533	1.351807833	27.82312584	12.97888279	0	10.61101103	0	3.615182877	15.95021296	3.338576794	2.419780731	12.05994844	10.84741735	37.43742561	7.60055685	10.89014959	0	3.93183434	4.547281742	1.482685685	12.6009407	124.1894379	4.213490248	206.320282	17.02269077	80.36101151	23.14080906	154.6698456	4.521869421
pas13	163.5685349	1.978497505	1.483051956	1.184889972	16.66238213	1.600803971	0.475007996	3.24336803	0.072631501	0	89.11044693	0.236433499	0	1.656001449	1.37221247	16.01670742	17.28362751	0.431901991	1.157293022	11.38736916	0	1.116446972	4.718964577	65.48842621	0	2.690172553	1.791919529	1.680996537	1.326012492	87.90998459	0.480588511	7.082340479	2.364868522	94.53220749	3.426477432	19.97488403	2.007709026
pas14	325.2939453	0.679702073	1.835044444	1.390262127	28.7016449	2.153414011	0.226284735	6.859359741	0.444470465	1.294711113	189.1815567	0.330029249	0	3.436386943	3.247968912	31.05964088	23.48150921	1.182931662	2.024889708	24.59306526	0.566446096	4.895471096	4.095584869	153.7367935	0.140884914	6.883329868	3.276556015	3.413635135	0	165.6712952	1.409479499	8.095160484	6.991346598	99.26068115	6.164251566	30.52688217	1.400779188
pas15	227.1016464	0	0.640044868	33.90018654	11.70112133	0	0	8.836925983	0	0	155.1119385	0	0	0	0	76.38054276	10.95237875	0	2.394465208	30.12385368	0	0	0	28.20386028	0	3.979937911	3.778030872	1.882781804	0	175.6868896	0.871119022	0.972367018	1.031062424	181.9123917	1.763752639	21.60266018	0
pas16	193.8185654	0	2.269746065	117.1893616	8.491192341	1.348038733	0.388567865	6.858341694	0.304604098	0.776168764	114.5147743	1.109389305	0	2.338871956	0	0	10.08206272	0.069346875	7.568395853	19.4013958	0	2.466373563	0.534498692	3.532236338	0	3.673722148	6.181405544	1.88764441	2.445503712	159.4509354	0.772265017	12.11898947	3.053739429	210.491127	2.216772079	20.61947727	0.086740501
pas17	269.5516968	0	1.336051881	9.923229218	10.3253293	1.476822019	0.740438789	10.40181971	0.143410228	1.70905	161.3909454	0	0	1.301523745	0.372682288	72.93801117	11.33498812	0.076020263	2.453651428	25.24514103	0	0.423985958	1.211365819	48.79216194	0	5.462718248	3.218837619	1.653311789	0.122213941	157.660881	1.560829222	3.119089365	2.557420254	167.8397675	1.714029372	31.09599113	0
pas18	280.3489075	1.140921354	1.643738747	10.05963707	13.01120281	2.139778376	0	12.51304054	0	5.139248848	110.8943253	0.398043185	0	3.543071032	0.036206339	111.4541092	12.2824707	0.979534864	2.498137951	37.10430527	0.020562237	2.344859362	2.821800232	84.83110046	1.172947288	4.064785004	4.842683792	1.586943626	0	229.1763458	3.057170391	11.5187521	5.70435524	218.3639832	2.898783445	49.49352646	0
pas19	163.6932678	0	0.449518993	5.123979568	7.610866785	0.726760089	0	5.800170422	0	0.85580799	101.2437248	0.177694894	0	3.114907503	2.801971316	0	12.08767891	0	1.681007564	21.92836475	0	15.10645771	3.277655125	84.07052612	0.905799717	2.860684395	1.93633616	2.560483217	1.391316831	112.8954849	0.979639858	5.171777248	5.575155973	151.6239929	4.607598782	21.17464256	0
pas20	230.5010147	0	1.244222999	9.494543076	11.23179579	1.807656825	0	11.81721544	0.099986147	1.551491201	68.20203018	0	0	3.555656433	1.442487359	119.9586029	14.53228092	0.414469898	2.598161459	24.45238018	0.019994051	1.978242457	2.147102594	58.60767555	0.045140956	2.368650913	5.977162123	1.850673079	1.963997483	192.8510818	2.584881902	5.996883154	2.17605412	148.1068878	3.09038353	60.08751297	2.392848134
pas21	321.7148743	0	1.847071111	10.88949394	18.2463007	2.508438826	0.314396232	11.57238531	0.187540352	4.500645876	141.0340118	0	0	3.362580895	0.873915881	125.9725914	18.63537407	1.2300089	2.575191975	46.00650406	0.356451094	2.371761441	4.153614044	168.6926575	0.822295666	4.66681695	5.040457487	2.77901721	0	229.4719696	2.853682756	3.940747142	3.75571537	231.8988113	4.037915707	64.45412064	0.084237475
pas22	284.2383118	0.219844609	2.161759496	64.00810242	11.13165951	1.489643991	1.014235139	13.96871662	0.984667599	0.631112427	140.4993286	0	0	0.882480532	0.017125351	92.39791107	13.75081587	0.352145746	4.041916132	26.59853554	0	0.653331071	0.832383782	12.39584398	0	4.93912077	6.612134457	1.52105689	0	223.0242233	2.166727662	4.099275351	1.808742285	223.3444824	1.680481732	46.15384865	0.079822682
pas23	257.1124268	0	2.194939494	20.8085804	14.0303421	2.236348271	0.040686959	10.05345488	0	1.546184361	109.0689316	0	0	3.329981685	0.15866673	120.9632874	16.1019125	0.727666616	2.714907289	30.86844349	0.084784321	6.709387302	2.674516916	40.18719101	0.315482587	3.539828897	4.420880079	1.841831446	0	209.0381622	2.874316573	22.45652103	3.754637122	192.3646698	2.765686154	60.39723396	0.261610955
pas24	167.4180069	1.299212396	1.415167034	27.89737034	10.54883099	1.326823711	0	4.339534283	0	0.665575951	84.16609192	0.055991549	0	1.489848793	0.320694819	93.89228821	6.725187778	0	4.882745504	18.09745216	0	0.512218595	3.644277811	17.99304199	0.735938132	2.517601371	3.635046721	2.923258781	2.148269296	129.0246277	1.801882863	9.905448914	2.320377588	139.2161865	3.278527856	18.45367432	0.318759382
pas25	258.6848145	0	0.510265172	9.119894028	12.40083313	1.639103889	0	10.11910343	0	2.878653765	68.99494171	0	0	2.414603472	0	77.18112946	14.59356308	0.057415992	2.082880735	29.69596481	0	1.247700572	1.841167331	61.17238235	0.033429891	2.258911133	3.585778713	3.445072651	2.004758596	194.499649	2.215955734	4.960572243	4.689592838	148.3262482	2.418199539	51.10717392	2.291897297
pas26	274.2503967	0	1.282307506	34.39030457	8.247569084	0.961918056	0.154524535	11.52281284	0	0	156.0774078	0	0	0.37170887	0.072340637	117.0035477	14.6391077	0	2.817162514	24.52536583	0	0	0.497107416	20.223629	0	4.949921131	4.648159504	1.500440478	0	204.7553101	2.304258108	1.933404326	1.178079486	223.6506042	2.311801434	30.04632187	0.261409551
pas27	133.9650421	1.649124026	1.237251997	10.98400831	7.61899209	0.9450095	0.307853997	6.767702103	2.553859472	0.554789007	56.1600666	0.550919026	0	0.830988497	0.490301996	39.12842178	5.216320992	0.578299999	1.870615482	18.96687412	0.210622504	2.458061576	1.212953508	20.14079285	0.3296085	2.983974934	3.482917428	5.095602512	0.663194507	89.01387787	1.637089014	6.266141653	3.723920465	88.84929657	1.701186001	22.66990852	0
pas28	186.3258896	0	1.212924302	7.616998434	7.835930109	2.101590037	0	10.64701223	0	0.917406976	60.3656559	0.28954196	0	3.160241961	0	8.526781082	20.8089962	0.398435742	0.952457845	14.63098049	0	17.11302471	1.756383777	24.55856514	0	1.530452549	1.796160996	0.370454445	4.994739771	160.2920456	1.894701242	71.47929382	4.764102697	123.8336792	75.48009491	62.36987305	3.426507831
pas29	154.9036179	0	1.067719996	68.45217896	10.51364899	1.135967612	0	9.907866001	0	0.290433854	42.14372826	0	0	2.304999828	0	93.85720444	6.152408361	0	3.296574712	23.93302345	0	0.949479878	0.946763456	8.921854973	0.208133101	1.259262443	6.750411034	1.845388114	1.017430305	161.1507187	2.334019423	5.786333084	1.902101696	116.9583969	1.392176807	33.96260643	0.479229122
pas30	188.190567	0	1.273011446	7.814164162	9.479902267	2.609710455	0	7.581254959	0	0.843731523	101.0485229	3.287847042	0	2.103614807	0.722384751	104.6225662	12.36885452	0.367388815	1.936340809	26.23228645	0	1.176935673	1.992515564	25.60574532	0	2.357420683	2.893393993	1.420551896	1.54314065	167.6464081	1.753038049	3.640343189	3.543330193	207.8715973	1.955408931	31.35439301	0
pas31	150.0736847	0	0.639229059	13.29148006	5.338699341	1.696386278	0	18.60521412	0	1.182230711	46.32418251	0.052280245	0	2.681133866	0	5.459099293	12.87260866	0.515454054	0.736606777	16.29095173	0	12.49042225	1.525415421	14.19417	0	1.028525829	4.239430904	0.440420434	0.96051833	164.4348297	1.625409663	31.62146568	3.707444906	118.5175171	37.22244835	44.65367317	1.172501862
pas32	161.7688446	0	0.405351162	4.687980413	9.378815651	2.247582316	0	14.17871618	0	1.11939311	46.90122032	0	0	2.612782001	0.229492202	6.357696772	22.04903698	0.521075457	0.275707856	15.4548831	0	13.908741	1.870574236	44.33160591	0	1.044183731	2.199668646	0.741184115	0	126.3821716	1.944605112	40.14026833	3.302324772	102.2228394	53.43152618	66.90819168	1.268286049
pas33	157.7605133	0.050611403	1.431020498	40.3622551	7.090004444	1.215863943	0	5.807208061	0	0.658226192	66.94455719	0	0	1.253033161	0	69.41011047	6.529269218	0	3.64495492	17.09104156	0	0.66659677	3.098587751	15.86645412	0	1.791780949	7.16174984	2.296980143	0.88439846	136.4514618	1.131062269	9.010351181	1.712751389	140.4800568	1.305107236	25.83871269	0
pas34	241.6829834	0.157528676	2.614572167	8.344800472	12.55158234	3.590074301	0.42311126	7.051925898	0.462551892	1.123728454	96.40467834	7.189018965	0	7.843831778	3.473431706	88.27187729	18.20180225	1.284577131	14.71643591	23.00118256	1.921493053	5.168397188	3.267953157	33.08647346	0.824834645	3.29434526	4.93479228	3.855923414	11.83370399	165.3539581	2.533617735	6.785248041	3.90909493	190.7062607	5.272567034	29.7326889	2.147812009
pas35	250.0616302	0	0.370026261	1.945780277	20.74403954	0	0	6.81736517	0	0	161.9226379	0	0	0	2.750500441	45.18564606	15.18375206	0	0.90858376	21.78764725	0	0.654947877	1.561811209	104.0691833	0	5.590351105	5.280786991	5.00549221	0	134.2542419	0.917792678	1.929196358	5.73248291	100.5819626	8.404302597	18.07427979	0.124512441
pas50	381.2816467	0	0.820350468	8.9127841	7.646718979	0	0.205419905	9.624027729	0.844523877	0.771998495	87.96012497	0	0	3.420475245	0	117.602562	62.84521866	1.357264578	0.971547931	30.36776161	0	1.036522448	4.100717783	21.56951332	0	1.847774386	3.64949429	0.584941745	1.75262332	137.1584854	1.560491145	2.388572931	3.525265336	184.2951736	2.97798872	106.1462746	0
pas51	410.6844177	0.062122997	1.489928961	13.03895378	6.21974802	0	0.844199955	12.90667248	1.202943563	1.310254931	103.9509354	0.169025734	0.087036468	3.261593342	0.781608284	143.9984283	47.46969223	1.539237261	1.856221318	34.63237	0.433129579	1.31035769	2.603206873	15.33179092	0.824282527	2.935664415	5.263683319	1.602559328	1.741085052	191.9951782	2.698462963	2.699990749	7.757015228	191.4218597	3.935865164	50.74764252	0
pas36	185.772934	0	2.079376221	43.09991455	9.985292435	2.314217091	0	10.25019932	0	1.012920976	69.75997925	0	0	2.628094196	0	94.42631531	8.813635826	0.584954381	3.393059969	24.46550369	0	1.049502373	1.126810789	9.472412109	0.288124472	2.23515439	3.310228109	1.386249661	0	187.1413574	2.446148872	19.23187828	2.764869452	168.3763123	1.772822261	23.65979958	0
pas37	212.8307648	0	1.377098203	12.8911705	11.53219891	1.48779583	0	6.06084013	0	1.602046251	86.03858948	0	0	0.9567734	0	64.61357117	9.758673668	0	2.490640163	22.2726059	0	0.816433251	3.704476357	36.22359848	0.120138638	2.646657228	3.98753047	1.811681032	0.853317082	148.1930084	1.7321105	6.114846706	2.126634359	170.0573883	2.491704226	30.99292946	0.275744021
pas52	436.2543182	0.762146503	3.208304882	44.36140251	14.5226202	0.066222463	1.674476027	14.1901989	1.492616713	1.203414202	148.2235565	0	0.13227655	2.485820532	0.476410136	163.6299591	65.07786942	1.41550988	2.918612599	41.66107368	0	0.84781608	1.914526165	10.68545198	0	3.536190033	10.05453587	1.173434377	1.158040285	257.8974762	2.920726299	2.061982393	8.998436928	244.5013275	5.258439541	89.69792557	0
pas38	311.6978149	4.184073448	2.054574966	11.72247982	12.45811272	1.368514419	0.942729175	9.806991577	0	2.580892801	157.2848053	0	0	1.308012843	0.252028733	104.1824112	4.181182384	0.045283344	3.676590204	28.71679497	0.028602287	1.746908307	4.784878731	135.6410675	0.966412127	5.157667637	3.68125844	1.802917123	0.953191936	238.1584015	2.977258921	15.87352467	6.584466934	202.9128265	3.047378302	14.29833317	0.148728177
pas39	204.2760468	0	0.557023227	41.79788208	7.535979271	0.051047694	0	11.8717804	0	0	92.33027649	0	0	0	0	72.38937378	10.56638718	0	2.812372208	24.56848526	0	0	0.215191871	18.79015732	0	2.768051386	3.612299442	1.204029202	0	145.5553589	1.113420606	3.207075834	1.1218431	147.8953705	0.550100446	27.10632133	0
pas40	320.059967	8.482219696	1.122186542	1.787663698	16.70880508	2.040903807	0.652069151	9.009430885	0.232463002	2.498445034	123.2697144	0.37468189	0	3.531591654	4.65885973	97.10584259	62.47556686	1.451127529	1.593817711	35.94311523	0.291740865	2.50595665	3.599206924	138.0776978	0	3.876559734	2.63321805	2.520783424	1.231982708	202.6035309	2.416810274	4.646845341	7.585408688	163.9561462	7.930943489	44.9949913	4.856994152
pas41	318.1680908	1.449913323	2.927685618	255.0326538	17.61066723	1.898774326	1.556164503	13.35765982	0.675037354	0.815979213	159.1731415	0	0	0.519230872	0.087101251	84.39406586	23.43177414	0.27892673	8.729765415	33.92683601	0	0.380307674	0.659664392	7.960124016	0	5.364145756	4.842000484	1.700919807	0	208.8335037	2.298735499	10.4937396	3.146355271	191.1713791	1.715665042	39.35900116	0.912716538
pas42	138.0511017	0	0	28.68973732	5.585213661	0	0	8.53178215	0	0.431452036	78.05594635	0	0	0	0	54.71244431	7.56999588	0	1.030980349	14.98741913	0	0	0	19.70004845	0	1.221336961	0.530864537	0	0	106.4576797	0	8.511163712	0.851791739	121.843811	0.091330051	21.88335228	0
pas43	305.4286194	0	1.622412086	5.068557501	21.27131748	1.618720174	0.772770226	7.523273468	0.964812011	1.340062499	166.0309143	0	0	0.715609193	2.911714435	81.10121155	24.51350784	1.084566116	1.565051198	26.71922684	7.610759974	2.045138836	1.111929417	44.64850807	0	4.991351366	3.819681168	0.718004167	0.31276603	173.4379044	1.826566637	4.210893631	1.795907438	141.7427673	3.307648301	16.26284981	1.489482164
pas44	191.6228027	0	1.114884257	33.88272476	13.33674812	1.300957918	0	8.030260086	0	3.284891605	122.433548	0	0	0.435260206	0	117.8015747	16.91111755	0	2.522195816	16.11686134	0	0	0.094389737	19.21292496	0.374158889	3.363268137	0.331288368	0.149133831	0	154.5037079	1.783537149	3.650927305	0.950347602	184.6639709	1.490071535	40.35489273	0
pas45	127.366436	0	4.577649117	6.089056969	11.14943981	0	0	2.844023466	0	0	38.65055847	0	0	0	0	14.51034594	12.48074722	0	0	7.43173933	0	0	0	11.16793251	0	0	0	0	0	111.2856216	0	0	0.690493524	89.02774811	0	11.28227568	0
pas46	226.8426208	3.67761302	1.26981473	6.451842785	16.2026062	1.540923715	0	6.501829147	0	1.007399678	101.2520676	0.626762748	0	2.35545516	3.565193892	75.24550629	10.73437119	0.191979483	3.782638311	26.2783432	0.059982456	1.438787937	5.947218418	100.0522385	0.869823813	3.095816374	3.592596054	6.118235588	2.934001446	140.596756	2.37838769	15.21097279	5.905518532	127.1500244	7.276981354	19.5729847	0.627285123
pas47	219.0761719	5.482740164	1.490972519	7.439950943	19.83187675	1.58332634	0.091675296	6.08766222	0	2.102426767	98.20854568	0	0	3.215625882	1.510112286	80.36347198	11.66779947	0.286465868	2.658895612	24.1980238	0	0.952666074	4.532077551	62.50507927	0.104569916	3.009138107	5.682575226	2.833327174	1.446907878	160.2112198	1.435079932	11.02934027	4.431160927	152.1671524	4.391110897	20.68370056	0.591039419
pas48	252.4026794	4.195841312	2.655127764	6.452282906	7.541358948	2.647144318	0.754892766	13.92971897	1.104896069	2.393039465	161.9338455	8.017597198	0	2.152741909	1.516356051	66.80727768	22.45793438	2.568037629	1.629548848	35.84513474	1.67868489	6.387990475	5.118486404	130.6467133	2.110549927	6.378814697	3.310320854	1.453036368	3.976774335	142.3835602	2.604342937	9.054225445	6.731124401	56.38424683	2.859963894	59.56948853	2.17882812
pas49	193.6036148	0	0	50.16786194	9.639438152	0	0	19.84847736	0	0	135.1695328	0	0	0	0	91.98691177	17.63244629	0	2.464568734	40.46846199	0	0	0	13.16870832	0	4.124160528	5.74234128	0.395590976	0	185.6485519	1.185618401	1.311016977	1.01492548	168.7502747	1.310074389	57.9878273	0
ctr10	314.0877075	4.385792732	6.524222374	42.53394508	4.019047976	2.707805037	1.659555554	9.513758659	5.875075817	0.435344726	87.35961151	2.736068487	0	3.699396253	0.433210209	96.98974228	10.66075516	2.618977904	5.335530043	31.11263371	0.981455266	4.676573992	2.745071173	34.32984734	0	4.699371099	3.160742164	7.924045563	1.874760568	173.3670502	1.614567995	23.42595482	2.255260706	226.6348114	2.116951227	34.82034683	0.084955271
ctr11	475.9169006	3.651636243	3.926425099	42.71925163	5.892538548	0	1.495860755	9.779063702	4.464561224	0.67728129	121.8593559	0.525738299	0.507178813	7.995747328	0.780092597	204.4501572	50.57473564	2.109189391	3.38914156	43.89630318	0.631282449	2.480236053	3.023079991	9.418314934	0	3.463600278	6.324585199	2.59668684	2.318921328	188.706871	2.083261847	1.998571098	0.863619983	153.4775009	3.086795807	48.36359406	0
ctr2	213.5703506	0.220314078	5.501174927	60.91137123	4.186962128	2.564240813	1.158648431	3.697601557	2.293598652	0.318570808	64.23682404	4.807996035	0	7.83710289	0.84025377	102.1900177	12.45621824	1.372999907	16.01034737	20.35481739	1.931708038	5.097886562	2.104795575	12.44930172	0.466420799	2.951948524	5.156876564	6.907604933	8.77759552	193.4009781	2.795248747	11.61098194	2.863427162	9.986392021	2.948178053	29.36916065	3.018561363
ctr3	242.8951187	1.887905061	4.04817152	39.6408844	3.799755096	1.35603714	1.717420101	4.396147013	1.475602746	0.123120472	106.9603195	3.04765296	0.195375986	4.459198952	0.68825677	0.728105754	6.274344921	0.498111263	12.27569056	20.85000992	1.217580497	3.496448159	2.219349742	35.69698524	0.373602182	4.529942751	5.320239782	8.719240189	5.299250364	214.6179352	1.551061511	6.560381174	3.429097295	6.404754877	2.799056768	15.83119822	2.698265433
ctr4	114.6875763	2.362121582	3.694670916	29.8061676	3.414036512	1.621931672	0.373227268	2.324780226	15.91119671	0	19.64041519	2.44683814	0	4.075383186	0	50.75634766	12.69635487	2.459892988	3.584672451	10.98330688	1.380252242	4.114117622	2.571121693	18.16243935	0.171788514	1.293046236	3.239915371	4.69886446	3.537888765	118.9446487	1.315308213	28.91576004	1.712429762	9.283147812	0	41.33771515	2.30692935
ctr5new	238.7301025	2.625481725	4.31577158	53.68355179	3.40521276	1.642288089	0.317982718	6.369333029	5.08374691	0.051857544	72.01094818	2.246275663	0	5.720684528	0	109.6424904	13.83797932	2.278739214	6.118030548	25.79056644	1.402706623	5.925527096	2.86146152	25.58483505	0	3.749879718	3.016137242	10.12475395	0	184.6837158	2.123011947	29.06489944	2.474426746	236.214386	2.478713393	34.17728233	0.387611732
ctr5old	201.7567139	6.326234818	10.26873875	31.58702278	3.202637434	3.054344654	0	3.281989336	3.865594625	0	75.33650208	7.277347565	2.519461393	6.578191757	0	61.5938797	14.84498501	7.510281086	6.034465313	16.71332741	4.368986607	4.050126553	7.743498802	41.49363327	0.593135834	4.878622532	4.289151192	18.9590683	0	203.3445282	2.863692999	67.40959167	3.085351944	11.60692215	1.63761127	65.44329834	2.489237785
ctr6	200.0534668	0	0.665712416	35.95690155	1.807409763	0	0	2.44796896	0	0	60.11906815	0	0	2.173911333	0	78.19052124	10.59302425	0	2.753876448	21.59425163	0	0	0.39864099	30.86938477	0	1.267541409	0.918298244	10.54616261	0.739968061	157.259079	0.728588581	2.134219885	0	157.1344757	2.252350807	24.15242195	0
ctr7	390.5967865	101.288063	8.804815769	53.5220356	8.560549259	2.110453129	3.19439137	6.926714897	14.76438618	1.032909393	180.3581772	11.69144917	0	0.990693361	0.842915952	131.5452652	22.17631149	7.897806406	16.66270924	32.85319138	4.81730485	13.57138586	11.90844774	47.10400391	0	7.418998003	4.406041384	18.07109833	14.73425722	249.9264679	0	79.74876404	13.16782284	281.8580933	5.2315166	42.84214592	1.082197487
ctr8	314.0877075	4.385792732	6.524222374	42.53394508	4.019047976	2.707805037	1.659555554	9.513758659	5.875075817	0.435344726	87.35961151	2.736068487	0	3.699396253	0.433210209	96.98974228	10.66075516	2.618977904	5.335530043	31.11263371	0.981455266	4.676573992	2.745071173	34.32984734	0	4.699371099	3.160742164	7.924045563	1.874760568	173.3670502	1.614567995	23.42595482	2.255260706	226.6348114	2.116951227	34.82034683	0.084955271
ctr9	314.0877075	4.385792732	6.524222374	42.53394508	4.019047976	2.707805037	1.659555554	9.513758659	5.875075817	0.435344726	87.35961151	2.736068487	0	3.699396253	0.433210209	96.98974228	10.66075516	2.618977904	5.335530043	31.11263371	0.981455266	4.676573992	2.745071173	34.32984734	0	4.699371099	3.160742164	7.924045563	1.874760568	173.3670502	1.614567995	23.42595482	2.255260706	226.6348114	2.116951227	34.82034683	0.084955271
