ID	CD45	EpCAM	casp3	CD45RA	CD69	PgR	CD56	TCRab	HER2	CD25	CD44	PanKer	TCRgd	pSTAT1	TIGIT	CD27	VIM	Ecad	PDL12	CD28	KI67	FoxP3	ER	CD45RO	CD19	CD24	CD38	CD8	EGFR	CD3	CD20	pS6	HLADR	CD4	PD1	Hist1763	CD16
ID	262.0773621	0.118199781	6.507030964	35.4446106	3.429883003	3.831593037	0	0	0	1.656261086	25.79175186	0.346962482	0	5.557716846	0	10.92555141	5.070530415	0.932950556	1.395334244	0.909253418	3.017995119	1.018355012	2.615164518	6.497985363	204.7181396	10.50902462	755.7910156	26.10019493	0.111231528	6.435616493	5.322833061	12.50536728	411.5139771	13.23235321	0.776745439	37.376091	0.790556133
pas1	110.1262207	3.675133944	6.982874393	39.16220856	2.757057667	1.640877724	4.34313488	0	0	0	16.7840538	5.472958565	1.045789003	3.985871077	0	6.574353218	14.82762623	6.095003605	1.334124804	0	1.610777736	1.957910538	4.943044186	0.424661011	182.7690277	30.71133041	534.5669556	14.09395599	2.603831291	3.927393198	6.370483875	268.9858398	61.571064	7.320556164	5.428838253	107.0867538	2.287106514
pas2	167.237381	2.508535385	11.81578112	149.5775986	8.856358051	2.06955266	0.88553676	0	2.170711398	0.553887635	36.81266022	0.116849501	0	3.501432657	0	130.2507782	2.104075909	0.900910795	7.549427748	2.687573075	0.603053242	2.376037836	0.755290806	6.910975695	179.8916473	18.46062088	1059.962341	34.36639977	1.445627511	5.666056395	7.989715576	26.9204855	158.2639542	10.59394741	2.221080899	19.83966255	0
pas3	91.14800262	0	4.545131683	35.82560539	7.82693696	1.821574032	0	0	0	0	23.52120781	0	0	5.250486612	0	30.97658253	6.973184824	1.533466756	5.767926693	3.071714401	0.058322869	0	2.3843292	10.02762508	193.4358063	24.7723217	412.5846405	17.48196888	1.345330894	2.353172123	6.959606171	7.922646523	27.21311331	1.922717154	0	46.34942627	1.232750058
pas4	130.1511612	0	4.513675928	15.23176193	5.488420248	1.745969057	0	1.64699769	0	0.404209718	34.74136162	0.09328337	0	4.990873814	0	28.6974678	4.400346994	1.063325107	1.919984877	3.472689509	1.161836803	3.140378237	3.084511757	10.65477896	216.2893448	13.23413515	691.4084778	26.002141	2.820106745	10.23172045	9.441306114	27.48261929	76.75755692	7.549199104	1.758944273	27.92080975	0.186587855
pas5	67.91133118	0.529488385	2.106942892	8.774277925	0.676223099	0.388424367	1.654835783	0	0	0.175475806	67.12595749	0	0.155733943	5.436269045	0.805753142	3.219237089	14.79124928	1.331983626	0.461364448	0	2.56814909	2.652248621	7.618041277	0.512201548	241.2196884	19.57737732	406.3373184	15.18501759	5.450337887	4.742120266	3.392818928	10.75971842	54.9510498	5.426563025	0	33.07995319	0
pas6	106.4917526	2.676523209	8.291090012	67.57581329	5.683213711	5.111789703	0	0.323613554	0.121822499	0	54.94255829	0.228171796	0	4.119724751	0.082369268	25.7551899	1.310512066	0	7.844902992	3.507400513	1.726533771	0.039637104	4.178771019	7.027446747	187.1151428	21.06024361	579.8651123	15.97222614	0.595758975	5.337510109	11.43096352	20.47495651	19.28472137	4.37725544	1.321657419	6.591902733	3.399775505
pas7	45.27983475	0	2.344984055	3.327809334	4.799455643	0	0	0	0	0	236.3513184	0.363040924	0	0	2.237159491	0	0	0	0	0	0	0	3.965709209	0	51.79708099	7.626556396	177.1699066	7.732735634	2.245718479	8.594363213	0	0	3.126949072	0	0	23.19067383	1.485753059
pas8	190.7835388	11.2713728	4.921821117	66.80319977	3.563344002	3.139714479	0	0	0	0	183.0107422	0.206464678	0	1.207355261	0	15.6291523	15.1214056	0	7.376403809	0.704146981	2.857228041	0	0	3.152158737	118.6051254	27.80143929	1454.727295	48.42209244	1.240423322	4.191750526	1.559442043	10.39322662	19.87693977	6.78101635	0.309783489	24.40782928	0.923382223
pas9	69.37036228	0	3.417142868	487.8827744	10.64138946	3.364781141	1.91476357	0	0.852306843	4.418115139	425.3636322	7.916693687	0	0.221455634	0.623251081	0	1.696846724	0	28.27362943	4.362655163	1.121622562	4.527916908	0.109407373	0	177.6964493	16.4738183	629.5208435	23.95142651	1.910844564	2.773358762	5.858729482	26.90705872	171.482964	6.543587685	5.0467453	28.37322617	0.492847681
pas10	37.42001343	0	2.988465786	133.7425995	2.256299019	0	0	0.596440256	0.672990322	3.026622772	574.3810425	1.041074753	0	6.119440556	7.636465073	240.4447327	12.61063385	2.379584789	19.39095116	0.294965595	0.393584013	0	0.54087007	1.332282662	63.30109024	12.35711765	401.7355957	9.397733688	0	2.262179852	7.585371971	24.61520767	3.587530136	6.331765175	19.04349899	15.74023151	2.387473583
pas11	73.90385437	0	22.56808853	118.4142151	5.545171261	8.098469734	0.462717712	0.781940997	2.842047691	0	45.31987381	14.36794281	0	15.21473503	0	2.44767189	5.355949402	5.536690712	7.874804497	0	17.31928253	45.66104507	8.838089943	5.227770805	40.25357056	11.86893654	494.4093933	18.47918892	14.35784245	5.160055161	7.047992229	441.5868225	58.64976883	14.29542255	19.67981339	139.4101563	5.233767509
pas12	121.6804199	2.394985437	8.583415031	90.03544998	5.11942935	2.859627008	1.72219348	0	1.098593533	0	138.2866058	0.807456017	0	2.919512987	0	10.37561846	6.370119095	1.088316023	5.815671921	0.085707501	0.074635498	0.878247023	6.166494608	1.636793971	63.45418739	14.60132456	993.5916138	24.37577152	2.392216921	1.940866947	1.699952483	72.07188416	13.73999023	2.148208022	0.042459	33.52059364	2.666065931
pas13	102.3533649	0.725511968	11.46548319	24.21208858	4.461440444	5.883364201	0	0.193523213	0	0	22.08713007	2.842513978	0	9.522873878	0	8.755360577	32.49098635	0.632447064	3.545870304	0.844227761	2.45733285	1.971670568	1.11837548	0.281247348	82.0461483	5.480325222	660.7766724	29.09578991	0	0	0	24.27479815	101.7227319	4.499309123	0.997543558	51.81890297	0
pas14	136.8397598	0	5.675956964	151.4549179	7.890351057	0.960344881	0.5938963	0	0	0	202.5057144	0	0	0.908209145	0	110.1136398	9.90448904	0.065309107	9.250391483	1.625539303	0	0	0	5.898085594	141.8893585	21.47665787	799.9100342	28.19831371	0	7.166413546	10.70977974	11.96803236	34.43042183	8.611423016	0	23.04119396	0
pas15	318.0158081	6.986766815	7.891192913	24.13949776	0	0	5.909554958	2.404171228	0	7.784948826	54.89343643	3.848326921	0	7.134486675	0	4.301830292	1.58308506	0	14.79893398	0	1.520714402	14.01568031	5.813735485	59.96292496	136.562149	33.25266647	1078.887573	28.27115822	13.41667271	11.77745056	38.784832	82.81866455	841.9953003	24.00270462	7.936034203	75.93579102	0.552951038
pas16	169.5616302	0	5.419083357	130.7118149	8.381417751	3.379338741	2.869779825	0.600092322	0.667919457	0	298.7124786	0.364873111	0	2.965214252	0.631158322	225.0492935	15.90318918	0	7.654826164	2.912993789	0.2259496	0.537878722	0.241171256	5.636667728	138.7230301	25.50542355	666.4164124	17.95794773	1.420801282	4.991925955	7.07227087	20.04337883	17.30404234	6.093271732	0.936783314	42.81547356	0.096842797
pas17	169.4248047	0.780189604	9.284531593	178.5801926	8.30714941	4.39830637	1.402513742	0.364511833	0.929611921	0.822433174	236.1300507	1.538519859	0	5.866985559	0.706556469	180.030632	13.22662544	1.031990886	9.919965267	2.898728132	1.221945643	3.294454813	1.972187698	7.468594074	227.1768417	25.28298569	1201.463074	34.37289238	0.279448882	6.780795574	9.340557098	53.17008018	25.92452812	9.570186138	1.72303921	48.1623745	0.370848194
pas18	80.48034668	0.56716603	5.798139095	184.0530396	5.901136398	4.674520969	0.561853409	0	0	0	99.47340393	2.186341524	0	2.870462894	0	0	7.738827705	0	10.19372082	1.386324286	4.170396328	15.99701881	0	3.911153078	107.2381058	14.68937206	422.4880066	14.95152187	2.286537647	5.672616482	2.732090473	30.55673409	132.7932739	15.73172092	0.483799934	46.34511566	0
pas19	158.4024963	0.588101238	9.736907959	265.5266724	9.815368652	4.359531641	1.850260437	0	0.957611978	0.080443267	78.34999466	0.202097997	0	6.558612585	0.470402315	115.7943077	14.08381605	1.052208424	11.33075762	1.314243674	2.620709419	3.112444639	2.188524842	4.423346043	88.4390831	14.70351934	769.1680603	23.19858456	4.336084366	3.271874428	11.21039248	78.59035492	83.68447113	11.19994974	1.581276119	125.3691254	2.558912754
pas20	192.7288361	0	7.658121586	156.7402496	10.02230549	5.246296883	1.128573298	0.258520216	0.454689503	0.567190051	232.6153259	0.366566896	0	5.179205894	0.225238919	144.7500458	25.65831757	1.351506591	12.72211456	2.585196733	0.777286291	3.142049789	1.549139738	11.38691902	185.828186	24.07430458	739.8031006	25.77936172	0.416751206	3.908034801	11.56129837	37.27853394	29.45331383	9.135724068	1.063168883	71.81555939	0
pas21	189.2280273	1.266765952	5.917384148	213.1182404	10.48812008	2.930309772	3.313209057	0.935410976	1.639617324	0	369.8668518	0	0.354325682	3.029878616	0.387639672	69.39758301	12.30774403	0.402279079	10.47716141	2.200194836	0	0.165239722	0.153418049	4.331730843	139.5422821	26.15682411	929.9604492	27.27480888	0.798946202	5.510744572	11.6137991	42.6965332	18.08136559	5.562216759	1.536060929	44.82584	1.381040454
pas22	158.290123	0	10.48435163	191.682457	8.712115765	4.216154814	0.524231195	0.207048714	0.916799814	1.121603787	169.9591446	0	0	5.940293789	0	194.0220718	10.99429512	2.296754241	10.88102674	2.673135638	3.486465216	12.98240042	2.071074128	6.596926689	178.2173386	18.73495388	770.8065796	21.38608932	0	5.704395294	13.47294855	140.746994	96.08731461	11.66501331	1.209314227	114.3498955	1.0756917
pas23	117.7724991	0.987206459	7.297030926	216.4733734	9.500997543	3.255628109	3.030742884	0	0	0.527561903	94.00545502	3.379830837	0	3.641102314	0.552280307	68.58522797	8.056464195	0.409713686	16.28880882	1.904381633	7.544979095	1.301715136	5.311811924	2.953641415	95.5051651	11.4559145	298.6872864	13.46513271	3.058648825	3.0732162	7.868165016	39.24228668	35.04688263	10.49641609	0.999333858	44.9248848	3.400744438
pas24	157.1131592	0	3.167462468	201.422966	16.34999657	4.242337823	3.414388657	0	0.212075531	0	132.566433	0	0	5.438401937	0.515583321	25.69748592	13.79309225	0	8.902113914	3.851163149	0.994130969	0.881126165	0.585960716	5.010988712	157.6532669	17.10416794	322.2978058	16.82955456	3.112861395	3.033740044	9.238025665	54.1585865	38.69267464	8.88620472	1.333466172	85.3337326	3.758052111
pas25	226.3136444	0	7.635708332	231.5907898	8.599514961	2.236531615	1.255416095	0	0.02547815	1.315451801	78.61924362	0	0	1.940837801	0	124.2767296	4.932873964	0.470419601	10.9204278	1.182195961	2.065824389	0	0	5.488246918	202.6617737	19.14698887	940.2026367	29.93306255	0.834545821	5.24793005	14.44691038	15.13583422	180.1182938	9.023414135	1.907730579	55.36617661	0.888528824
pas26	100.0807724	3.399502039	4.750975132	94.00892639	7.123735905	3.033284903	1.25345695	0.861917019	4.642490864	0.710869014	99.43512726	1.134925008	0	2.058304071	0.520703018	79.97816467	6.083771229	1.92691803	6.27092123	3.275793076	0.308329999	2.806502104	0.418769985	6.3565588	85.64505005	14.66377831	575.0709229	22.55113602	1.734434009	3.82822299	6.118954182	17.64140511	31.35626984	8.136140823	1.138229966	22.5617981	0.525454998
pas27	77.99597931	0.847055495	4.969664574	167.3611603	10.6818819	6.488447666	2.3370502	0	2.858773708	0	189.8730011	0.024210175	0	8.212826729	0.638026297	20.50131798	28.85804367	0	11.9513092	3.048424006	3.666073322	24.2748909	5.145652294	0	101.6852493	18.31079674	201.1676636	12.72627354	4.48129034	3.153184891	10.00221825	458.3733215	65.48529053	10.08428574	143.8912659	71.28255463	4.983772755
pas28	157.2521667	0	6.994535923	154.6039352	7.34313941	3.326310873	0.602772534	0.409354791	0.299426079	0.115172643	36.44841385	0	0	6.359583616	0	114.6808052	3.123268485	0.663396984	8.399259567	2.429585099	3.789288044	2.886297822	1.67883414	7.821870804	240.6950836	17.28491116	1043.991882	34.91148567	3.694994926	6.232146263	9.921352386	94.86359024	111.2787971	10.85488987	1.717874825	58.85631371	1.039267242
pas29	104.6354752	0	3.971322656	51.07661057	3.853744745	3.08440423	0	0	0.709617212	0	39.38335991	5.455308199	0	2.665361524	0.143869519	114.0284805	3.439988971	0	3.854414701	0.231636606	2.770681381	2.869291663	1.487992585	2.645678997	213.3382263	24.72807789	604.1730042	13.61750793	2.485044241	3.023758531	5.289204359	8.902208328	96.71603012	10.17806244	1.512176275	40.00513649	0
pas30	152.0656204	0	5.624541998	91.48133087	5.037464619	5.226540565	0	0.137769913	0	0	25.5160656	2.453947783	0	7.25377512	0	13.95314646	3.606615901	1.796501458	2.960858941	0.605836034	4.457443714	28.20898819	3.672356248	4.251544237	145.5465393	17.2927103	957.3035278	36.52194023	5.688133717	5.509505033	13.62078905	388.6439667	251.9356079	21.8740654	28.95421124	205.0423279	3.98408699
pas31	152.183075	0	5.212439537	112.5908508	4.674692631	3.787664413	0.39710331	0	0.465242416	0	39.80305481	1.250966549	0	5.603904247	0	10.65816402	6.695548058	2.314555407	7.118328094	0	5.254168987	23.86990738	2.441531897	1.579605579	106.9079742	8.559706688	516.5637817	22.49037933	1.436138868	3.421281099	8.603237152	114.0530167	291.8027954	16.74251747	47.4748497	128.8409119	3.201093197
pas32	128.815918	1.810627699	7.246749401	139.2624817	6.184164047	4.338197231	0.979035616	0	0	0	52.80897522	0	0	3.605176687	0	56.36849976	4.566254139	0.990740299	8.589138985	1.263245821	1.594355464	2.519330263	6.006892681	8.444832802	140.2299805	16.41456604	884.4729004	30.15018463	4.428946495	6.719026566	8.581290245	115.6409683	138.1173859	11.47555256	1.320736766	46.54535675	0
pas33	141.1173096	0.452840105	8.189269066	92.13305283	5.772472143	6.715798855	1.921707332	0	0	0.958874464	157.4306641	9.287004471	0	7.1933465	0.136769284	27.20919228	11.65855598	1.391527534	15.2034173	0	6.403372765	7.336791515	2.156424224	1.080784559	121.7186623	15.79352665	838.2927551	27.01445866	14.26255322	5.871973991	3.571878433	15.02498388	87.01987076	7.62935853	1.602503359	60.33814621	2.703023732
pas34	157.3760376	0	7.888062	20.90786743	4.657484531	1.085551023	0.257156327	0	0	0	305.5807953	0	0	0.531494305	0	93.84225082	5.144399881	0	3.708716869	0	0.583375722	0	0	5.917820454	103.018898	28.46763039	1128.443604	38.18303108	1.366672456	6.455290556	3.376590729	14.58855104	57.25751686	6.645955801	0	19.30647182	1.13435024
pas35	245.7583618	0.796600878	3.890335798	62.09071732	10.86780548	0	1.249736428	0	0.572538853	0.445905864	24.47315216	0.193414465	0	3.987210274	0	0.159271061	42.64524078	0.115201734	1.777005792	1.931605339	0	0.346353322	4.85394001	2.995108366	123.0468674	29.90750694	140.7799988	2.973866224	1.231434941	0	0	13.65270901	150.222702	7.252082348	0.700675607	139.1193237	0
pas50	186.3457336	1.707910061	6.418994427	104.496891	5.934452534	0.564232081	2.324600101	0.810944945	2.170377731	0.827407241	201.8005524	2.071773827	0.796363711	5.319553375	0	159.851265	19.72049332	2.937239647	8.133294106	1.731275976	1.612363279	2.308706403	3.962402821	1.951789081	162.9333649	49.327425	2382.531982	107.3396149	4.396924496	4.695889473	0.36300391	4.620908737	85.57660675	5.078799963	1.415583074	37.3999691	0
pas51	100.4568634	0	12.16180229	182.3450775	6.821221828	6.282754421	1.693379521	0.158958197	0.071227022	0	180.6212921	1.383326173	0	6.778233051	0	178.5635529	5.304411888	1.967336655	11.67609024	0.984913409	2.723645687	3.900548458	2.080265045	2.3029809	143.8066559	15.63060665	747.1359253	24.61372948	0	4.320106506	5.535349369	144.9297028	33.3351059	8.348398209	0.89369601	35.03974915	0.347564846
pas36	120.6482391	0	5.612350464	183.0681076	8.340215445	4.380684614	1.980949223	0	0	0.498087887	108.562767	0.223998919	0	3.340091705	1.141153693	118.8577728	11.55652809	0	9.056512356	0.635019183	0	0.495136663	4.632339478	2.823507905	172.6280746	14.39258337	698.6599426	17.21442318	4.913431168	2.892926455	8.241611004	26.24006367	33.2028389	7.552300215	1.150267154	48.26149368	1.111139536
pas37	244.4134369	9.328705788	6.742047787	83.15634155	14.19703484	1.482419133	7.656648636	3.536694765	4.959562778	1.077725887	422.4085693	3.285750151	3.949928761	7.777120113	0.980029285	73.53424835	141.1119843	0	7.606189728	1.03134191	0	0	14.20806313	7.989372253	95.81342316	27.45383453	342.0433044	14.24777699	6.79238987	0	4.880832195	15.82948589	34.4872818	6.479455471	10.5786953	151.1820374	0.237822294
pas52	195.1264191	3.112898588	10.69814587	438.53302	19.07483864	5.636925697	5.82233572	0	1.583534122	0.146435291	129.9639893	0	0	4.506720066	3.076694727	77.56790161	6.807522774	0.091653794	17.0977211	3.08417511	0.860369921	2.651649714	4.866115093	14.05683041	178.6875	18.93698692	307.1600037	10.68614197	2.059217453	7.392591953	14.69579029	63.15117264	47.89174652	10.84773636	1.204605937	41.65530777	1.445427179
pas38	175.6432114	0.191588625	8.094059229	281.4496002	18.99865508	9.321126461	4.334030509	0.821661115	2.263084769	1.536491454	333.1864471	0.058438752	0	0.043538984	0.700705022	158.0775681	8.048868418	0	10.6510396	0.708720438	0	3.421058416	0	4.581856489	131.6920929	24.62187099	366.992569	10.08653212	1.562851667	9.101547003	14.65416718	41.61405182	60.13631248	15.38185024	0.37792477	67.63634872	0
pas39	258.8791046	7.771816254	1.057325482	30.2257328	1.883138016	0.267242014	2.000954986	0.289087176	0.916180372	6.755564213	116.4476538	4.424751282	0.654970288	8.90532589	5.720068574	505.0553055	15.74553871	2.569495313	0	4.135569572	2.799930483	2.393958271	2.671111822	16.43020248	78.0365715	6.641887784	414.9466705	15.43792534	2.556450367	2.082568377	12.45478964	22.79307747	709.3003936	21.56226636	8.552071333	18.69356394	4.644540191
pas40	136.1737976	6.920034409	4.283153057	147.6513062	10.34839058	6.214483738	5.386537552	0.732131362	1.410683513	0	373.841217	1.768136501	0	2.52637887	1.079293728	46.86003113	32.72171402	1.584652543	8.109866142	2.390379906	0	0	0	1.200163364	132.576828	29.13593483	666.8654175	27.76096916	0	4.837385654	10.85654926	14.4864521	18.95308304	3.738821507	1.056776166	34.9052124	2.618289232
pas41	120.0428123	0	6.254563808	163.8383179	5.904677153	1.947521031	1.158280849	0.01768636	0	0	98.3172226	0	0	0.403851688	0	127.2896614	7.053343773	0	8.695247173	1.605502188	0.190539367	0.712461144	0	9.408259869	123.0706673	12.88917637	525.3817749	19.69517708	0	5.721858263	6.762368917	29.67148399	32.83234978	10.07022047	1.371728718	38.00648499	0
pas42	177.7907257	0.878409803	10.44480038	74.48554802	11.63774443	3.71011138	9.662776709	0.452622145	1271.378741	5.485000491	57.49975395	3.574360847	1.982014179	4.753869534	0	102.3663157	92.26432037	1.057917714	11.10151386	4.753425717	19.534832	1.918064713	2.979287148	43.15168238	181.650959	16.96255207	1281.735657	34.47180176	4.703186922	11.12623358	44.91295624	12.68631315	356.4015427	19.84837639	0.86256592	18.97638702	3.364919901
pas43	108.8281631	0	7.495609999	232.4491272	12.08698463	2.148911893	0.077166386	0	0	0	151.3453827	0.71105203	0	0	0	203.8505173	8.794179201	0	13.32369232	0.80903092	0	0	0	2.805309296	177.7006607	9.993108749	353.5156708	12.738729	0.231657892	3.915606141	6.981033802	18.22859287	37.37037849	5.3944664	1.22795862	30.11444664	0
pas44	45.36646652	0	0	251.8777466	7.337610245	4.026608944	0	0	0	0	60.18950653	1.1090765	0	0.587665319	0	51.91722107	1.583204508	0.185597211	0	0	0	0	5.882344246	0	149.4618988	0	376.3379822	23.24785042	0	1.784950376	13.21817017	28.85814857	104.9052505	0	0	29.98915672	21.82447243
pas45	148.8963547	6.860503912	7.786529541	86.05511093	6.535056591	4.094404221	0.709416896	0	0.910217136	0	98.08843231	1.739531338	0	4.362386227	0	172.8388519	5.878891945	1.099697769	8.385817051	2.287730217	1.388145089	3.037057996	8.591154099	5.506085396	201.3870087	18.90967274	1110.924072	34.36659431	5.574382067	9.093630314	10.17001057	70.71569443	73.9353714	11.47360277	2.442478299	23.64940739	1.001327842
pas46	125.1420441	9.605078697	8.841547012	15.82545757	8.544934273	4.029579639	3.211699247	0	0.190797925	0	389.3260498	1.480345607	0	3.030691862	0	84.58957672	11.39365578	1.264243364	6.869006157	1.418259144	0	3.67591095	6.864624023	5.006816864	184.4536743	35.69889069	1385.872681	32.11357498	4.496478558	6.687128067	2.366163731	43.85211563	15.61822701	6.185679913	2.574312449	16.52594757	1.486834168
pas47	192.1336365	3.189506292	7.244332314	22.65780449	4.096991539	3.604031563	1.453630447	0.533587456	1.731220722	0.512923002	111.0843887	9.443782806	0	2.900669813	0	64.64984894	12.1315546	2.221364737	3.632034302	1.543355942	4.180599213	6.293144703	3.144153595	4.654473782	241.9086456	15.13324833	531.2399292	17.8461113	6.307299137	3.76194644	11.3096838	25.52860832	307.1439209	13.24921799	2.598155737	89.66748047	2.753866434
pas48	128.6354675	0	4.172688007	182.7748871	8.825769424	1.080090523	1.25894773	0.561675668	0	0	231.8921661	0	0	0.14408657	0	108.4844513	9.903168678	0	10.18014145	1.309148431	0.101803772	0	0.051123772	3.004015923	136.5662079	20.60096931	570.5054932	17.79240227	0.962761104	3.178156137	12.0433054	16.47318649	59.14036179	9.473784447	1.134499073	43.44797516	0.50242579
pas49	231.5678406	9.766592979	14.88472271	648.463562	15.80606651	5.820094585	2.474585295	0.208661467	2.551593781	1.886229277	122.1199188	2.648972273	0	4.32597065	0	119.7476654	10.05231667	1.854615092	18.61227989	1.948036671	6.777801991	3.108256102	0.98791647	3.606709719	135.1872101	19.61083984	318.7939453	9.825798035	1.416704178	0.22595267	5.93194437	23.64354515	27.6578064	4.058662415	0.147260055	70.63990784	0
ctr11	272.7985535	4.365708828	4.149687767	115.5086975	9.89572525	0.554468215	0.253021091	2.371151209	2.900686741	0	23.75960541	0.73546952	0	2.588700533	0.9457618	0	17.51991653	0	3.5858078	0	0	0	2.549347878	1.167808294	80.91870117	25.56518364	114.9836349	5.942009449	8.595356941	0.323960125	0	12.70892906	201.9584656	8.483232498	0	16.03981209	0
ctr2	130.2604218	2.043667555	21.70430183	924.6176758	21.3379097	5.833557606	2.503503561	0.111038417	2.577162266	0	131.6222534	8.775176048	0	9.900747299	0.771538556	444.2810364	18.08581924	3.336862564	47.75629807	0.725907445	12.75124264	5.632662296	3.646395683	0.498450637	126.8503723	6.841738701	442.531189	10.56625366	12.89985561	5.094505787	4.745412827	18.53548241	28.29503441	4.610825539	1.380985022	104.2961807	3.296804905
ctr3	178.8229065	3.390628457	15.40392733	904.8951111	24.91029358	3.638068557	3.483279943	0.343505129	0.776754856	0.796154916	192.9097443	3.68213439	0	5.432064772	0	1.280914962	7.269779444	1.254670829	37.7729702	0.17485705	6.686153412	3.722707868	0.744373113	1.070178062	115.0930786	14.97233105	460.1284637	13.93492365	3.610262275	1.896806836	2.379005313	13.1293993	63.1286068	4.45635438	1.404353082	21.62733459	2.144829452
ctr4	98.10256958	3.884982586	15.19949627	551.0449829	12.74771118	2.421441793	2.706705809	0	30.63812065	0	50.31715012	4.547206402	0	6.964959621	0	331.6159973	15.69912338	3.557077646	16.72004318	1.015310407	14.14318275	6.911148548	0	1.337686181	54.1709404	7.158412457	196.8912048	13.45225811	8.897109985	0	7.505352974	40.85554504	12.36515522	5.241918087	0	124.1357727	1.790617824
ctr5new	183.6823578	5.574066639	12.36083508	683.3643799	19.56080437	2.437865257	0.587914467	0	8.314003944	0	103.3073502	3.897739887	0	3.513605595	0	177.2853851	9.644915581	3.954268694	23.04496193	0	4.843094349	5.164477348	0.744499266	1.998523951	144.1771088	12.92766571	256.3913269	9.946520805	0	0.747865736	9.626098633	35.27418137	32.72425842	2.148816824	0	30.99713135	1.869256854
ctr5old	154.8795242	7.929336786	22.9382515	752.9472656	17.9396143	4.982495308	0	0.007708578	0.49551709	0	88.09806061	7.962343693	0.734725893	8.334662199	0	42.80058861	15.41363335	7.820447683	22.70325851	1.752435863	7.655556917	2.311623812	7.079998493	2.918889403	135.7438889	13.11343479	247.5439301	17.93843269	0	3.559432387	9.008950233	71.17328644	111.4152527	10.93368578	0.736770004	80.79934692	1.337334305
ctr6	164.3836365	8.690209389	15.31354523	663.7736206	32.14192963	2.121203184	2.151459217	0	4.382326126	0.266028672	94.87605286	0	0	0.813395202	0	141.6990051	12.00718975	0	19.96396446	0	0.557324588	2.059165239	0	0	104.6042633	13.29831409	170.5715485	8.345623016	0	0.050709076	8.281993866	17.06747627	48.36159515	4.90447855	0	49.09468842	0
ctr7	269.3406067	143.119812	20.23344612	630.8116455	28.56536865	1.174725652	6.517882347	1.50524044	19.15125275	0.345186859	211.4780731	12.70617771	0.237946451	0	0.371663392	19.50235176	25.68222809	9.357836723	35.49082565	0	9.940984726	9.555472374	11.77001953	7.587873936	208.8891449	26.45446777	261.4259338	18.97310257	14.20710278	8.629195213	10.78454304	88.09977722	251.2767944	10.31249046	1.354263544	56.91580963	0.843999565
ctr8	231.5678406	9.766592979	14.88472271	648.463562	15.80606651	5.820094585	2.474585295	0.208661467	2.551593781	1.886229277	122.1199188	2.648972273	0	4.32597065	0	119.7476654	10.05231667	1.854615092	18.61227989	1.948036671	6.777801991	3.108256102	0.98791647	3.606709719	135.1872101	19.61083984	318.7939453	9.825798035	1.416704178	0.22595267	5.93194437	23.64354515	27.6578064	4.058662415	0.147260055	70.63990784	0
ctr9	231.5678406	9.766592979	14.88472271	648.463562	15.80606651	5.820094585	2.474585295	0.208661467	2.551593781	1.886229277	122.1199188	2.648972273	0	4.32597065	0	119.7476654	10.05231667	1.854615092	18.61227989	1.948036671	6.777801991	3.108256102	0.98791647	3.606709719	135.1872101	19.61083984	318.7939453	9.825798035	1.416704178	0.22595267	5.93194437	23.64354515	27.6578064	4.058662415	0.147260055	70.63990784	0
