ID	CD45	EpCAM	casp3	CD45RA	CD69	PgR	CD56	TCRab	HER2	CD25	CD44	PanKer	TCRgd	pSTAT1	TIGIT	CD27	VIM	Ecad	PDL12	CD28	KI67	FoxP3	ER	CD45RO	CD19	CD24	CD38	CD8	EGFR	CD3	CD20	pS6	HLADR	CD4	PD1	Hist1763	CD16
pas1	64.68662453	0	6.91800642	222.254425	33.05064201	5.880042315	26.83630753	0.800475985	0.671387285	1.384104848	80.62756729	0.585243881	0	3.601876974	0.008293615	4.504866123	9.229226112	1.487934351	2.661130548	1.870147407	1.035171151	6.252542496	1.739280879	2.178799748	1.883283854	1.716435552	16.5565958	1.34131068	0	1.95682621	0.525362849	18.69625664	6.022075415	0.896914393	0	48.82704163	1.99829036
pas2	106.5511322	0	24.37071991	237.9971466	55.59593582	4.05848217	61.8444252	0	0.071705557	8.985613823	121.3109055	10.67907047	0	0	0	1.005455375	25.79545975	0	18.57657814	3.056545734	0.154012337	0.071961358	4.67124939	3.254154205	0	0.042812463	11.11405849	12.84798241	0	8.006972313	1.074869633	11.33210182	0	1.261542559	0	52.97230911	27.70396233
pas3	53.810215	0.069016404	6.881562233	89.25360107	20.33153915	1.441186428	89.30586243	0	0.441083074	0.278823137	91.04332733	0	0	2.531758547	0.646610618	6.799462318	3.017075062	0	2.990181923	0.3523238	0	2.799865723	0	4.547572613	0.819783092	2.885343313	6.603917122	1.628114462	0	0.205201775	0.668147743	14.65925884	4.194125652	0.917107761	0	21.36126328	2.175456524
pas4	47.10955811	0	3.838803053	160.8738632	32.42448425	3.089127541	28.03990173	0	0	1.750785887	88.53777313	0	0	2.334229469	0	6.45681262	3.241226077	0	5.270970106	1.54387337	0	0.663077295	1.581101477	5.45269227	1.241364479	1.853732765	5.804004908	2.546812534	0.949500442	1.260348797	1.249016941	7.902905941	3.910230279	2.234675169	0	59.69075584	0.734303832
pas5	144.2945862	3.372636318	89.12005472	91.99269485	127.1558876	49.11380875	123.9298601	12.08747196	12405.38086	76.50807416	68.40480614	2.032638788	0	4.462166011	1.549299955	1.138173342	0	2.558199644	4.206522524	6.400766611	1.669850707	1.500354171	3.316777945	527.527771	4.309349	0.914628744	0.951307654	2.512653172	0.507185876	3.257148504	3.553563833	79.34312439	0	5.4482584	0.884442568	0	0.576481342
pas6	125.7758064	0.872056246	5.435186923	132.686924	23.58655787	1.064613868	22.47869015	0.188476875	0.609666474	0	132.5719833	1.236228779	0	1.357913733	0	1.55735749	9.852354884	0	4.308625698	2.023577631	0.140170515	0.154075176	11.88769531	10.86015272	2.919094086	2.081987381	21.09998322	0.144294336	0	3.599883437	0.827469289	20.96124077	3.754046798	1.226798296	0	49.4560051	3.217670798
pas7	55.62042618	0.01386048	5.234218836	239.1694336	16.05387163	2.682528853	119.5940361	0	0.393694684	1.391271949	102.2571106	0	0	2.326589465	0	1.865712762	5.196169376	0	8.4639678	0.320482031	0	3.90745461	2.006189883	2.371392131	1.207345605	2.764249206	4.534885883	0.451694667	0.701744914	1.699304581	0.55214873	19.7244997	1.981649339	2.497635961	0	17.93074417	0.991202086
pas8	156.5834351	5.222013474	0	223.8978271	52.22652817	2.467387915	20.83752823	0	0	0	161.329071	5.38544178	0	3.875560284	3.122839689	0	0.560000122	0	14.89580822	0	0	0	0	0	0	0	35.8263855	1.008108735	8.61974144	1.279575944	2.247116089	0.683976293	4.884536266	0	0	24.78225136	5.440727234
pas9	78.88993073	6.456394672	7.094623566	75.48541641	27.53769302	1.905486107	72.98166656	0	0	0	253.3528519	0	0	0	0	1.089667261	19.45991039	0.653511167	4.769403219	0	0	1.825147927	0	2.001748621	0	7.885833263	14.15048313	1.444943905	0	0	0	8.284236908	0.380504504	0	0	34.37703896	3.645657659
pas10	48.63006973	0	5.713033199	314.0316467	10.98526478	2.090851068	98.63481903	0	0	0.30203265	125.9744415	0.179057211	0	2.310573101	0.20662643	0	10.82152462	0	10.81682491	0	0	5.744178772	0	1.341372252	0	3.367037296	8.580816269	0.439094424	1.106866479	0.865279794	0	13.00274944	4.769655228	2.838159084	0	32.36774445	6.772557259
pas11	51.64534378	0	5.014023781	303.3804321	11.78245211	3.109632134	118.0996323	0.39933303	1.171436131	0.902347535	90.74578857	0.621680692	0	4.948043585	0.242033169	13.61374187	3.154651046	0.634998113	12.25748587	0	0	3.477670074	0.650590539	6.452912807	0	1.820890665	5.822146416	0	1.553159535	0.573160246	0.158354409	9.71385479	2.968211532	3.732989788	0	36.48466492	1.590485215
pas12	39.86631775	0.010625392	15.87276936	65.41134644	10.07065773	6.19806242	60.7652092	0	2.338574886	0.117677025	48.84162903	13.41731644	0	11.00514507	0	0	11.36723995	3.367778778	3.011589289	0	11.65344524	36.5511322	7.205479622	4.666809082	0	4.397248745	7.345751286	1.781232953	13.14205933	2.848078489	3.128644705	231.8458557	19.01862144	6.924921036	17.39459038	148.3743134	16.09174156
pas13	55.8062191	1.335207522	6.332910061	99.42560959	15.75695944	1.936458945	49.0754509	0	0.717830986	0	91.80820847	0.773312002	0	1.085969478	0	1.097688466	13.95250511	0.027749	2.309165001	0.0118085	0	1.785151005	3.45105958	0.912360489	0	2.164946437	5.957865477	0.870559007	2.237798929	0	0.126439497	17.32057858	1.264274001	0.944984496	0	37.35017014	6.800774574
pas14	103.4766426	0	7.314888239	134.5520248	89.9390564	4.884753466	67.07806015	0	0.264937386	0	193.9253311	1.234121442	0	4.106689811	1.758431077	1.801154792	14.30323029	0.237786029	5.407879591	2.255354166	0	4.288674355	0	0.679751545	0	6.606734276	32.55646515	4.367689848	0	0	0	28.21588326	2.82591486	0.535643101	0	48.74868965	5.291072607
pas15	85.11688995	0	8.052048683	281.7384033	16.07102013	2.732865572	64.18081665	0	0.041623548	0	174.1950226	0	0	0	0	2.629772663	7.214757442	0	8.996938705	0	0	0.79163748	0	4.808986187	0	4.489044189	19.46052742	0.251923412	0	0	0	3.528701305	3.501777649	1.445592523	0	24.91980743	1.766368866
pas16	79.55834198	0	6.364138603	418.3327942	23.95064354	4.724906921	97.82487488	0.665526569	1.34997499	3.636772871	188.7131348	0.891229212	0	2.722006083	0.965050876	0	15.13417149	0.20311743	13.05924416	0.864602745	0.695892334	4.772271633	0.108248472	2.172565222	0.633014441	5.036866665	7.670239925	1.60969913	1.72207129	0.735122323	1.221392512	23.44535255	3.281881332	2.341541052	0.098209478	37.94214249	4.833412647
pas17	67.34378815	0	4.625797749	260.6551514	19.32735443	3.058546305	93.60753632	0.28373605	0.641409993	1.122677803	186.6570435	0	0	1.390962005	0.107207492	1.759526849	8.77792263	0.128544182	9.108567238	1.4625808	0	2.890764475	0	3.888921738	0	5.618850231	7.779050827	1.061704874	0	1.102087855	0.113849431	10.8194046	2.645384312	2.738017321	0	42.35316467	0.867308676
pas18	79.47457123	0	4.744859695	197.639801	16.46038437	2.999158621	129.0464478	0	0.430066913	1.408268332	132.3520355	0.20530659	0	3.723834753	0.392153889	6.122127056	7.504761219	0.230631247	6.715300083	1.147744536	0	5.303650379	0.571234286	5.231583118	0.402414024	3.463483334	10.29077625	2.443009377	0	0.916418433	1.004382372	29.55814934	5.159579277	2.755229712	0	47.92853546	3.329353094
pas19	45.52162552	0	5.841704369	331.4675751	17.02776432	2.981014132	57.44457436	0	0.0402118	0.350392337	134.6679688	3.026289582	0	5.362767458	0	0	8.017432213	0.34486784	11.09946775	0	0	17.33886719	0.939551786	1.624578595	1.404636443	3.06808722	12.75307512	2.858255982	2.529237151	1.303039968	0.398248166	19.28494263	10.92945194	1.3750422	0.010217209	26.61567974	0.470814705
pas20	79.07607651	0	6.219134808	231.5177841	39.15706062	4.107104063	70.56790924	0	0.146274783	0.149104103	51.78332901	0	0	4.459682941	4.592246532	4.499184132	16.16170883	0.765934497	7.174592257	1.667678118	1.367261648	4.142314196	1.56750685	3.125995517	0.826979607	2.8261379	72.29284668	3.271729589	2.662066102	1.329987228	1.822310925	23.94797707	7.919747591	4.696273565	0	123.1398277	7.0499084
pas21	80.83967209	0	8.384232044	553.8023071	24.64077854	3.739579797	125.4278946	0.262555897	0.656474292	2.998123407	149.3806381	0	0	3.696916699	0	3.085030198	9.067577839	0.951683432	16.60357857	1.696017742	0	4.939538717	0.284027889	5.099115133	0.155223615	4.080375671	8.862129211	2.377947688	0	0.496762305	0.619692504	14.48088408	3.364128709	3.701212406	0	75.30670166	2.639229536
pas22	92.80408478	0	7.656804562	332.4029236	18.87021065	3.222017765	79.25863647	0.224835351	0.846306801	0.367725462	212.3625488	0	0	1.486586213	1.967046499	3.342682838	12.28565025	0.210834354	11.34544277	1.57653892	0.088337593	3.12676549	0	3.480643988	0.22713238	5.990199089	22.99492264	1.787456036	0.075325154	0.973143399	0.860444844	10.40428638	2.969338655	2.416812658	0	54.40677261	1.665937424
pas23	80.43509674	0	9.402609348	398.408432	23.33864117	4.252843618	108.5350876	0.001111972	0.428518832	3.084415317	140.4207993	0	0	5.006947994	0.351367131	2.741747737	16.74570179	0.60237053	12.49124002	1.371258557	0.250963084	11.06306219	0.99496755	3.149698973	0.522105098	3.668983936	5.912575006	2.477670074	0	2.187019587	1.265133977	55.49858856	7.391836405	5.203287363	0	97.84666061	1.255429685
pas24	47.7884903	1.837419271	4.068083286	208.0840302	13.5845747	2.674533367	81.47441864	0	0	1.483522058	85.98421478	0.16413556	0	2.484984875	0	4.731052876	8.343649864	0	8.211616516	0.334244877	0	2.755859375	2.787728548	1.611656427	1.627275229	2.50454545	9.51255703	1.364790797	2.182173252	1.061276436	0.71038264	19.06751442	3.408412695	2.561939001	0	30.46204948	3.206969976
pas25	83.03476715	0	3.972560883	292.0083618	28.09664726	2.925161839	87.43553925	0	0.267273545	0.735243917	56.24519348	0	0	2.914365768	0.205842465	3.93660903	9.903856277	0	9.519993782	2.247486591	0.299349457	3.7632761	0	3.114135742	0.215412602	1.40619278	14.49880695	2.256225109	1.675177574	2.264858961	1.291517019	14.09473228	7.19793129	4.983649731	0	64.29001617	6.318876266
pas26	78.60034561	0	6.608644485	323.2472229	16.59418201	2.446425915	92.60438538	0	0	0.785689056	253.9274673	0	0	0.737369061	0	6.319661856	9.075307369	0	9.384775162	0.232933283	0	2.574021459	0	2.257157683	0	6.969142914	10.30899668	0.417717382	0	0	0.512875736	8.47571516	1.972593248	0.892860085	0	47.90811729	2.415905595
pas27	39.3768425	1.60570395	3.007569075	110.1193008	10.31331539	1.579228044	52.22646332	0.299858987	2.70502305	1.325997949	81.40386963	0.643465996	0	1.11787796	0	1.599128962	3.258444071	0.343620986	4.237919807	1.341943979	0.234196007	4.106256008	0.138853997	4.08019495	0.205057994	3.863003016	7.66385603	2.785752058	0.361443996	1.091838002	0.633466005	9.628745079	3.851666927	2.510735989	0	25.21413231	0.514190018
pas28	59.56590843	0	6.504312277	186.8004456	15.26052475	4.306192875	78.2002182	0	0.090040755	0.254160061	88.48902512	0.691515803	0	4.964689255	1.127013981	0.512983799	18.1219244	0.672525793	5.194720984	0.250295751	0.154074736	20.22467041	1.396937668	0.753364891	0	1.882109523	10.76159668	1.021070242	6.189688444	0.443157956	0.649443179	88.66476822	6.331846476	4.174681664	78.36977005	109.125988	10.51804018
pas29	51.57862091	0	3.440606117	220.7710724	12.83964634	2.206733465	106.3252411	0	0.030328982	0.511050642	53.53078461	0	0	3.239586353	0	7.241311073	5.023975372	0	6.556580544	0.759017348	0	3.639639616	0.282265812	2.716054201	1.044178247	1.290249467	8.884001732	2.762235403	1.093916059	1.705018282	1.039717197	23.40563774	4.260941505	2.361854076	0	32.30443954	2.806504011
pas30	54.43894196	0	4.609987736	316.4885864	14.52960396	4.034076691	86.70111465	0	0.438136667	1.089976609	105.7091408	2.570062637	0	2.789457083	1.05836904	9.56261301	7.81029892	0	7.189911366	0.441233248	0	3.543054819	0.897362918	0.409189239	0	1.603118122	5.795687914	2.038264573	1.608884394	0.714937657	0.088120446	12.62483215	3.153124571	1.750498891	0	38.04790115	1.526075363
pas31	53.17938232	0	5.763477802	175.4833374	9.438268661	3.604652405	64.39556122	0	0	0	69.51504517	1.00202477	0	4.958614349	0	0.254895866	13.48020649	0.588208556	4.715457916	0	0	13.86031151	1.038310051	1.20730269	0	1.572431803	10.53951263	0.698892295	1.509255886	0.961741924	0.363415122	47.1938324	4.491052151	3.441760302	35.4956131	84.24694824	4.844300747
pas32	56.29751968	0	3.964278936	189.1677399	21.57245445	5.621835232	46.19531631	0	0.339754581	0.147023916	67.62006378	0.511687279	0	4.401413918	0	0.037174687	20.62780762	0.997361362	5.104861259	0.045172453	0	15.74071503	1.319586277	1.072984815	0.05160692	1.437336206	6.940454006	0.869939744	0	0.94766593	2.664930344	72.92424774	7.384274483	4.794395447	54.39346313	136.9556732	5.64907217
pas33	50.17046738	0.311558604	4.692533016	262.4946594	13.77363873	2.796415567	131.5631104	0	0.172046289	2.04059124	100.2386322	0	0	2.410089254	0	2.368938446	6.56677103	0	7.908147335	0.237748995	0	4.879399776	2.69484663	5.119918823	0.158802688	2.561915159	9.735230446	1.204554796	1.216244221	1.252108455	0.303593427	38.69474792	4.371799469	2.17456007	0	34.51227188	1.277631998
pas34	64.11952972	0.245404094	5.223330975	39.07331848	13.52642632	3.891296864	69.08950806	0	0.395729512	0.868118048	128.657486	5.078396797	0	7.165628433	1.003143787	14.0184288	11.74554634	0.770534396	16.07572174	0.761239171	1.534793854	6.958855629	2.045641184	2.188394785	0.009668985	2.918288946	10.45625019	2.103612423	11.45776653	1.8133111	0.910442948	9.887284279	3.239852905	1.841890812	0.610887706	26.95716858	7.711388111
pas35	75.98299408	0	3.751011372	36.39749527	18.15576935	0.432577163	66.097229	0	0	0	187.0949402	0	0	0	0	2.13961792	8.865198135	0	1.398534536	0	0	1.72985971	0	5.264650345	0	5.176345825	15.37698936	0.330041438	0	0	0	4.823563099	2.370080233	0	0	26.2087059	2.081464529
pas50	152.644165	0	3.581716537	72.08462143	14.77654505	0	23.06461716	0	0.788969547	1.295107365	91.0692215	0.218913309	0	4.103482723	0	4.967131376	22.92654324	1.65071243	2.412119865	0.880620241	0.785967767	1.953553617	3.866157413	2.151985765	0.013377231	1.788340032	11.83358526	1.355028629	2.112500429	0.821915358	0	6.244235992	7.566710472	2.748598337	0.055816868	88.21189499	0.484708935
pas51	221.1430664	0.351326197	3.877096295	70.60224533	11.34896708	0.655697018	31.92332268	0.20997566	1.355745852	3.770095825	173.2438965	0.693022132	0.272972912	4.940807819	0.273017734	11.09355354	45.73586655	1.771072328	3.276921749	1.583853066	0.786969066	2.278555751	2.10975647	3.046913862	0.816110849	3.762395263	15.61234713	3.402176976	1.89298743	0.98187691	0	5.652876854	16.92399311	3.105711579	0.582195133	85.91573334	0.219508998
pas36	57.89533806	0	5.857434273	267.2395782	20.34679508	4.413106918	79.35460281	0	0	0.309706762	54.78058815	0.217628457	0	4.86188817	1.998157144	10.99707413	9.738384247	0.707358152	9.028065205	1.617427289	0.657749087	3.647250772	1.635260403	1.41068691	1.053913772	1.849143028	21.47400761	1.804060757	0	2.359441757	1.537921727	48.52873993	4.737186909	4.713751316	0	69.83253098	2.040313125
pas37	59.41143608	0	4.036088228	223.8475952	14.05424786	2.952288747	82.59797287	0	0.127851106	0.612285703	103.6881638	0	0	2.229091048	0.535778344	3.360119581	8.694505692	0	6.615291357	0.526501447	0	2.741889477	2.786653161	2.596243978	0.212572493	2.730381727	17.71035385	1.931887686	0.812107116	0.567054987	0.828778923	26.89843178	3.032795429	2.099975705	0	54.96112251	4.938171864
pas52	204.5943451	1.675239325	9.232885361	151.612381	22.17958164	1.626027346	33.6686821	0.672276258	2.483267426	1.425736845	185.1781769	0.956072718	0.525195032	3.378597617	1.335955501	29.03452873	52.00919151	2.345732331	5.58069396	2.550800323	0.93485862	2.03110826	1.609121084	2.993623853	0	3.679514289	8.732800961	1.510517597	0.772280097	1.225180387	0	3.296823263	12.24147701	3.19471848	1.231424272	72.41507721	0
pas38	93.79563522	4.123693466	6.66009903	352.3102264	20.12129211	3.16191256	126.0685043	0.153209426	0.316598922	1.812752187	160.9359055	0	0	1.841671228	0.536211669	6.238609552	4.095051289	0	11.76876211	1.700791419	0	4.334487438	1.716133177	8.897708416	1.016526163	5.011276722	16.53372574	2.952814102	1.203581035	2.395475745	1.533690274	32.91394234	6.851351976	3.498576403	0	33.89537811	1.726187885
pas39	63.79199219	0	4.822281361	279.5873413	20.55289173	1.908280373	103.9539452	0	0	0	135.7319412	0	0	0.404104382	0	3.388131618	8.145735741	0	10.32291222	0.67723152	0	3.121590137	0	4.663990736	0	3.282494068	6.495043516	1.045114994	0	0.867892236	0.295968756	9.186045647	2.507181764	2.945123911	0	45.35209465	1.082018375
pas40	68.31123352	1.419837117	6.20376873	43.29032135	46.10513306	2.947023153	79.77840424	0	0.236170202	0.049849473	97.28892517	0.714899302	0	4.962871075	3.585861921	2.856265306	37.93040085	1.219259381	2.081261873	1.503885269	0.915222585	4.077281475	1.157223701	2.762449503	0	1.727070332	14.78344154	0.486063391	0.840571225	0.148674086	0	10.99322987	4.010410309	1.020145297	0	47.17840195	10.50019264
pas41	91.53343201	0	5.917922497	341.2827759	23.7083931	2.098769188	109.6622009	0	0.595904708	4.046726227	228.3577728	0	0	1.506737947	0	2.382362366	14.2492075	0	12.30121613	0	0	4.182501316	0	1.363699198	0	6.776262283	8.722716331	0	0	0.973387599	0.493681312	15.08689117	6.12252903	1.510410786	0	61.87199783	4.478384495
pas42	51.27956009	0	3.199707508	300.2468262	11.90063953	0.970182717	72.71213531	0	0	0	91.26790619	0	0	0	0	4.762459278	7.273836613	0	9.371128082	0	0	1.750568867	0	3.63938117	0	1.078145862	3.505569696	0.058926165	0	0	0	11.35840893	2.058264971	2.303084612	0	32.5472908	1.658699274
pas43	132.3074646	0	5.219518661	88.66519165	16.49666214	3.919304371	76.19139099	0	1.965253234	1.295446396	238.9766846	0	0	0.652382076	1.409009933	9.431647301	28.65809441	2.048700809	5.150832653	1.683422804	10.23435211	5.795361042	0.15335758	1.888132095	0.550006986	7.345462799	2.622532129	0.766136765	1.511470437	1.106159091	0	8.645863533	2.549916267	1.840161562	0	31.11440659	5.973653793
pas44	65.00616455	0	4.145032406	323.4205322	18.7208004	3.038399696	85.83120728	0	0	0.144781023	133.9073486	0	0	0.920642138	0	9.308247566	10.06231785	0	10.16804504	0.376007885	0	2.214436293	0	1.660330653	1.517461181	3.173877239	0.928654194	0.22054556	0	0	0.058122687	7.433786392	0.622677445	2.490133286	0	49.98137665	2.652250528
pas45	77.4677887	0	13.71777868	134.5475044	45.31281281	3.303102016	57.80990982	0	2.417126298	1.095189571	64.65082169	0	0	0.270535797	0	4.184519768	0	1.063552558	3.228180885	0.10882321	0	3.021221876	0	12.3826189	0	2.312440276	0	0	0.680014126	1.402557641	0	0.531324849	2.830141902	2.185552895	0	23.94877911	0.59411037
pas46	48.68482208	2.889902592	4.596797466	64.28511047	10.91493988	2.618002415	92.80204773	0	0	0.27042672	109.7139206	0.717132509	0	2.962333441	0	3.883972406	11.09334183	0	4.165714741	0.215805724	0	3.81024456	3.860183954	4.057400227	0.989364922	2.862716198	9.409988403	1.911593556	2.970871449	1.749022484	0.471268982	25.40866661	5.135872364	3.1615417	0	35.98513794	3.141545057
pas47	53.15740204	2.082078457	5.10410738	100.3571243	14.91794968	2.476736546	90.08319855	0	0	0.568847477	118.0722198	0	0	1.519296646	0	6.990886211	15.35783672	0.009118587	4.156602383	0.944849432	0	3.401347637	3.121558666	2.046271086	0	2.519325733	9.509756088	2.857979059	1.11501801	0.983683228	0	15.47374535	3.32402873	1.64860487	0	28.46603966	2.79417038
pas48	111.0323944	4.34188509	9.83262825	111.1139679	24.41769791	6.250965118	21.51762581	0.880952656	2.690842152	1.625462055	199.7062531	6.681704521	0	3.467752695	1.215302706	3.674630404	17.55180359	3.638698339	4.705564022	1.915394068	1.473841667	2.598757267	2.218272686	5.719700336	3.70092392	6.331552982	22.14254951	2.017739773	5.640100479	1.587449908	2.922179699	11.6159687	7.873469353	2.641974926	0.337171048	66.48638153	14.92729568
pas49	49.74441147	0	3.838973045	293.1463013	16.4677639	1.399491906	100.8740311	0	0	0.334508955	185.6413422	0	0	0.224648654	0	1.187426567	8.771821976	0	8.239220619	0.206553355	0	2.489923477	0	1.741956353	0	4.671929836	7.699402332	0	0	0	0	4.623968124	1.914778113	2.7119596	0	62.06166077	1.179826021
ctr10	108.0965309	4.3115201	12.82885218	342.149292	9.798649311	4.195084095	94.39678574	0	6.494872808	0.848855823	80.57559586	2.647129178	0	3.438130856	0.270425707	3.639374256	5.419666529	2.522843838	12.79053068	0.426725209	0.854836851	7.576008797	1.294605136	2.528910637	0	3.954832196	16.60596561	6.509184122	1.2691046	0	0.037736386	26.07461739	2.960136652	1.598974884	0	50.81548691	7.135475874
ctr11	217.7813873	9.004096031	9.603492737	40.4700737	10.83794785	1.322271228	21.43480682	0.173014641	8.547647476	3.255656242	118.9690628	2.051472425	1.01478982	5.081476688	2.506682873	7.004935265	53.41720581	4.653627872	5.319160938	2.826384306	1.286780477	3.782588005	4.932899475	8.026398659	0.429071724	3.814271927	34.25305939	3.10508132	1.880786657	0.475504875	0	3.585117102	3.097695589	0.855073571	0.133684948	40.43212509	0
ctr2	80.55464935	0.471271068	12.85745811	269.8435669	7.138268471	3.708533764	76.74175262	0.031911302	0.946569502	0.433636189	54.19225693	4.712949276	0	6.153460503	0.663959682	9.30655098	9.272790909	1.424810648	16.73211861	0.349244595	1.317851543	6.533849716	1.042701244	2.075906277	0	1.645152926	19.48165512	2.498901606	8.033213615	2.322092295	0.485834301	12.5800724	4.23789072	1.635207295	0.293956369	32.98212051	23.07234001
ctr3	90.09128189	1.395723462	8.048961163	364.7046661	8.464494228	2.608012915	117.3469315	0	1.633285284	0.676834971	104.8356285	2.589680076	0	3.71622479	1.053582191	0.464526698	5.062423468	0.676300675	17.7974577	0.028169413	0.873744279	6.56464076	0.707909882	2.990709782	0.008473929	3.221844912	16.19136715	3.688977599	5.007598162	1.384096026	0.078227688	6.410936117	6.458872795	1.430516005	0	24.06039238	35.33944511
ctr4	61.71178436	1.098294377	6.149915218	71.17314148	3.43304801	2.216080189	40.49419022	0	13.26068974	0	18.46581459	2.374270439	0	3.800621033	0.408473402	2.610666275	8.089651108	3.176844358	5.068719387	0	0	4.989835262	1.029372454	3.579487085	0	0.630924165	7.988885403	2.493483782	2.777510405	0	0	21.55026817	0.079094216	0	0	40.40890121	36.46059036
ctr5new	78.87464142	2.693909764	10.04996872	438.367691	10.19557381	2.774540424	88.87332916	0	4.538503647	0.622565866	61.41054344	2.236047029	0	3.431106687	0	3.940286398	5.719386816	2.323824644	14.38046265	0	1.53344804	8.219125748	1.075755119	1.661255896	0	2.697128654	13.64945126	9.554841995	0	0	0	32.66779137	2.728178263	0.937984079	0	39.57111168	8.94026804
ctr5old	100.6958542	6.732944012	15.1066618	171.3530579	5.477547646	3.507496357	61.90132904	0	4.220046043	0	66.22597504	7.667011738	0.820541084	7.189330578	0.754747987	8.194931984	11.46927357	7.278086662	9.834607124	1.289101481	4.925728798	5.867117882	6.408671856	6.395175934	0.102983996	3.898503542	19.03783035	13.62895298	0	1.850345373	0.787405431	73.47517395	3.647066593	5.4928298	0	69.29514313	24.9685936
ctr6	63.87283707	0	5.523778439	345.56073	7.35521841	1.216083527	86.29568481	0	0.241759226	0	48.90222931	0	0	1.412650585	0	2.068107843	3.89577198	0	8.782054901	0	0	1.687610149	0	0	0	0	12.08876038	7.05041647	0	0	0	3.495836258	0.632413983	0	0	36.51882172	11.33484745
ctr7	147.216301	108.2563324	14.23018789	412.6349792	15.44368029	3.570933938	110.3416519	0.091814537	14.54786158	1.43899101	148.7492981	11.73092604	0	0.347175807	0.917835146	11.33368397	15.22309256	7.380011797	24.875597	0	4.483770132	18.02175713	8.927931309	6.537329197	0	5.20263052	21.92280579	17.82155704	13.05617237	5.324481964	0	90.70227432	14.21232319	5.049392223	0.61679092	49.14695358	11.60158014
ctr8	108.0965309	4.3115201	12.82885218	342.149292	9.798649311	4.195084095	94.39678574	0	6.494872808	0.848855823	80.57559586	2.647129178	0	3.438130856	0.270425707	3.639374256	5.419666529	2.522843838	12.79053068	0.426725209	0.854836851	7.576008797	1.294605136	2.528910637	0	3.954832196	16.60596561	6.509184122	1.2691046	0	0.037736386	26.07461739	2.960136652	1.598974884	0	50.81548691	7.135475874
ctr9	108.0965309	4.3115201	12.82885218	342.149292	9.798649311	4.195084095	94.39678574	0	6.494872808	0.848855823	80.57559586	2.647129178	0	3.438130856	0.270425707	3.639374256	5.419666529	2.522843838	12.79053068	0.426725209	0.854836851	7.576008797	1.294605136	2.528910637	0	3.954832196	16.60596561	6.509184122	1.2691046	0	0.037736386	26.07461739	2.960136652	1.598974884	0	50.81548691	7.135475874
