ID	CD45	EpCAM	casp3	CD45RA	CD69	PgR	CD56	TCRab	HER2	CD25	CD44	PanKer	TCRgd	pSTAT1	TIGIT	CD27	VIM	Ecad	PDL12	CD28	KI67	FoxP3	ER	CD45RO	CD19	CD24	CD38	CD8	EGFR	CD3	CD20	pS6	HLADR	CD4	PD1	Hist1763	CD16
pas1	233.983551	0	1.0799582	6.056288719	11.69714832	1.804696798	0	8.91014576	0	0.930719912	92.77587128	0	0	3.191302538	0	53.5568428	17.88344955	1.09241879	1.054510236	25.35876465	0	1.263845801	2.777642488	86.27360535	2.130594969	3.052767992	2.988222837	0.869417191	0	220.8634949	1.838718772	2.768135071	1.624689102	70.31136322	2.462039709	24.49172401	0.251647443
pas2	218.7012177	2.54643631	1.443823099	5.950446606	9.456175804	2.174623489	0	7.757537365	0	0	81.84959412	0.514192998	0	2.269689322	0	39.28284454	30.62888718	0.608334184	1.227170587	19.82218742	0	0.611973763	4.067555904	43.2697258	0	2.917457104	3.588836908	0.583688557	1.279819608	212.0384827	0.973556459	6.487874031	0.774313927	65.55796814	1.278178096	22.59401131	1.542465329
pas3	225.4173431	0.550028592	1.014307618	4.104642391	13.8389349	0.260336146	0	5.777178526	0.359920487	3.106376648	66.1366272	0	0	1.512598693	7.155551195	71.42705154	3.400666118	0	1.805007577	40.54368591	0.095755529	1.954131782	3.991821408	172.2340317	2.972580314	2.952881694	3.024788022	0.895155996	0.113218851	178.5184097	2.67203021	4.740937471	4.386644602	186.5702515	8.129243374	11.54214716	0
pas4	170.7290192	0	0.816515505	9.279294014	15.26026344	1.330261707	0	6.869298458	0	3.428468466	84.42902374	0	0	2.040708303	0	52.41676331	4.842613697	0	1.308632493	28.96710587	0	0.87714541	3.457127571	83.71947479	0.60238868	2.306903601	1.962183714	0.13158083	0.79338479	131.5620728	1.112323165	4.044300556	2.033817053	86.07155609	1.260066152	21.22513199	0
pas5	150.753067	0	0.44741039	12.19310522	11.99197388	0.70567739	0	9.525267601	0	0.734658211	33.67764854	0	0	2.704550147	0	36.96100044	5.262171984	0.187854707	0.658143014	23.42812824	0	1.430908978	2.526236057	22.19306183	2.289593816	0.954050034	3.781165719	1.34930712	0.288587287	156.2821732	2.732221484	5.643362761	2.847107649	45.71918297	1.15352577	21.37038612	0.195636854
pas6	302.1582184	0.125479251	0.591804475	1.99682492	13.46069145	1.876336515	0	9.129753113	0	0	116.7190285	0.124548841	0	3.869087696	0	23.11802483	18.05909252	0	0.020663586	27.16814804	0	1.520829976	7.694295645	97.50878525	0.352792874	3.431729436	1.786148071	0.622791231	2.138371229	237.6776581	1.078826964	8.902910233	2.178937435	57.37387657	1.35990113	30.4930439	1.499970794
pas7	234.5010223	0.026966073	1.059785247	6.623414516	10.334589	1.013882339	0	7.111811399	0	3.562479734	93.60361862	0	0	0.831576437	0	63.17483902	4.171321154	0	1.811392069	28.12781715	0	0.56099394	3.370923281	73.25758743	0.869900823	2.832701445	3.655109286	0.283424646	0.62455219	161.0836105	1.503536522	5.682351351	2.52354753	163.3867569	2.842525959	10.87687159	0
pas8	185.1370926	0	0	4.902556658	6.852981329	0	0	4.677223921	0	0	100.6230736	0	0	0.744728059	0	0	6.483285189	0	0	17.66477871	0	0	0.053907285	25.70169544	0.152054816	2.183679223	1.01120311	0	0	148.1359406	0	1.810667396	0.267280713	58.38989449	0.42114538	6.251012325	0
pas9	300.3756104	7.339902401	0.119748712	0	23.6277504	0	0	9.134244919	0	3.015115499	180.2531891	0	0	0	6.347521305	26.19557762	14.3011322	0.56738764	2.018248558	36.65983582	0	4.556663036	3.618122816	164.7228394	0	5.551978588	6.78218317	0	0	165.291687	0.211388856	3.533685207	9.849900246	240.1724396	17.09811974	28.06650734	0
pas10	181.6031647	0	0.699954927	7.75465107	7.631930351	0.893864155	0	5.280214787	0	2.530052185	122.8204498	0.321720153	0	2.238733768	0	0	12.22675228	0	3.019310951	25.29816628	0	1.613368392	1.59965539	54.17790222	0.177313656	3.715601921	3.87541461	0.162602976	1.250339627	140.3135376	0.940692902	8.156814575	4.922420502	226.5265961	4.821237564	28.5729847	0
pas11	179.0502243	0	1.277558744	11.08125973	7.899390936	2.25744772	0	9.962829113	0.190836594	2.160090804	74.81934357	1.434576929	0	3.780308604	0.376699731	94.43067932	11.82705832	0.510611147	3.699061275	23.68768978	0.217275672	1.930864692	1.98032397	45.49370003	0.093977313	1.996577322	3.665469646	0.71795696	2.272420049	181.0352097	1.630101502	3.761092901	1.741415918	193.342865	2.186771035	35.78984642	0
pas12	104.3380623	0	6.613291264	30.93884659	6.110650539	5.341743708	0	17.27988815	2.506162882	1.621072412	27.17777348	12.93200064	0	10.5572381	0	3.68812716	15.89408445	3.296030879	2.395956755	12.37619591	10.61362457	37.46482849	7.444359541	9.500684738	0	3.797695756	4.191462278	1.096310496	12.54566288	128.4315414	4.209355354	205.8478622	16.52936077	84.19820404	22.11374569	155.8462982	4.48895812
pas13	168.7204666	2.630449533	1.245579004	0.481753007	16.72214985	1.579246521	0.4606435	3.976016998	0.222851001	0.589036494	92.80566788	0.288729012	0	2.092858911	1.225944996	14.79312468	19.6692934	0.539314479	1.299796462	14.2515893	0.058585001	1.515168011	5.229850292	83.3141861	0	2.759296536	1.392242491	0.322062001	1.265387952	91.80294418	0.525050491	6.741010666	2.690728426	133.8828583	5.266588449	21.97220612	1.832023501
pas14	332.2930603	0.683400691	1.490732551	0.684782147	27.33341217	2.170297384	0.043814972	8.120328903	0.655803382	3.284639835	185.975647	0.509312391	0	4.106620789	2.546525002	36.92388916	22.8332653	1.145053029	2.28025794	32.68416595	0.871137321	5.944755554	5.238825321	189.6069641	0.473790944	6.397183895	2.308488846	0.939082682	0	175.644104	1.39087975	7.946064472	6.46571207	194.0546417	9.121249199	32.47518539	1.367712021
pas15	227.694458	0	0.478828847	37.10353088	11.24594021	0	0	10.52814198	0	0.760936916	149.1593475	0	0	0	0	80.42440796	10.87646103	0	2.214269161	30.62627983	0	0	0	25.10379601	0	3.724632025	4.235201836	0	0	198.7445068	0.989897847	0.876830161	0.984735548	218.9719696	2.05300498	21.93313789	0
pas16	197.31604	0	1.9639377	91.32003784	7.798291445	1.202368498	0.319878563	7.387285471	0.304246008	1.181661725	115.801487	1.106243014	0	2.394563556	0	0	10.03487921	0.092129499	6.44129324	20.57594204	0	2.573093057	0.557106733	4.396435738	0	3.753997922	6.727605343	0.973288327	2.405936718	171.8982468	0.782806009	11.1346879	3.183698535	227.1573715	2.617958546	20.46186161	0.11815339
pas17	271.4080505	0	1.19303453	7.851623535	10.42916775	1.484720349	0.758768082	11.37353802	0.185154438	2.581341028	163.4230652	0	0	1.367410898	0.137878582	72.66627502	11.70541477	0.094374895	2.111274242	26.40384102	0	0.569609165	1.458037615	62.97090912	0	5.520824909	3.530329466	0.565466464	0.066039987	169.6615143	1.57062602	2.881157875	2.679909945	190.1440887	2.019119978	32.81237793	0
pas18	281.5032043	1.313133419	1.563214839	9.20909977	12.91193295	2.158165693	0	13.36510468	0.010318228	6.16482687	110.2899094	0.438160136	0	3.613707542	0	111.4468727	12.65348148	1.010691226	2.350593328	37.82681465	0.030447152	2.447545052	2.909425139	91.85885239	1.137436271	4.015575886	4.887509823	1.148575485	0	240.0121384	3.047434688	11.18454266	5.640746117	230.7637939	2.953078866	51.74858284	0
pas19	165.5832748	0	0.455686092	4.777634859	8.048750877	0.923335463	0	7.210699797	0	1.801937103	97.79270172	0.261394188	0	3.808744788	1.738277853	0	13.41707325	0	1.598982334	23.40746498	0	15.74351692	3.314710259	85.40236664	0.889277458	2.741059065	1.932587624	0.133336022	1.181860983	130.4826508	1.044902027	5.293015242	5.457211018	186.5494461	4.802705765	24.66675854	0
pas20	233.4511261	0	0.995568991	8.329946518	10.88346958	1.757591605	0	13.51414204	0.151256755	2.752084494	68.70109558	0	0	3.649278402	1.323373437	119.0916443	14.58251858	0.424810439	2.331392765	25.7185421	0.024953777	2.183612585	2.336082935	67.45730591	0.081113845	2.375018597	6.247832298	0.951242447	1.923876047	213.2350464	2.633616447	5.494764328	2.193916082	165.1851501	3.507029295	61.01399994	2.355386019
pas21	325.3578491	0	1.621326327	9.581110001	19.24637413	2.53101325	0.25211665	12.87015724	0.234456271	6.392831326	143.3864594	0	0	3.430902481	0.695900142	122.806572	19.7889595	1.288094163	2.224208832	49.13946533	0.43610394	2.601566792	4.553258419	187.4625549	0.87562269	4.656692982	5.04131937	1.566164017	0	250.4964752	2.890784502	3.68973732	3.861204147	259.5845032	4.224895	68.11019135	0.081896104
pas22	286.2842712	0.337076649	1.934996188	54.22782516	10.68410158	1.440654695	1.008982956	15.135427	1.060372412	0.891259849	140.911377	0	0	0.91837427	0	92.1482048	13.7708025	0.338406831	3.697554708	27.46439075	0	0.761555523	0.867982715	13.64851475	0	4.968351364	7.263874531	0.868342251	0	240.5356903	2.201841235	3.890236616	1.877364278	240.5679016	1.920064151	47.50064087	0.083303224
pas23	259.3337402	0	1.928978562	16.40737534	12.98760891	2.195756912	0	11.06512642	0	2.533963919	112.16922	0	0	3.45277667	0.04853785	119.5744019	16.19434357	0.744955182	2.271693707	32.69469833	0.137927353	7.04987812	2.855731726	53.98960114	0.324760765	3.5810287	4.519394398	0.938269913	0	224.2000732	2.923858881	22.91978836	3.816059351	209.2811737	2.99446702	60.81142807	0.257006913
pas24	172.3452606	1.3845644	1.165785611	16.9790659	10.03526115	1.290712118	0	5.132707596	0	1.745373785	86.58385468	0.079608914	0	1.534989536	0.061381007	94.01206207	7.035220623	0	4.02170825	19.80308437	0	0.736348778	3.959365606	32.00282192	0.728973716	2.520894289	3.884033203	0.525925845	2.01805222	144.8831787	1.765056252	8.987434387	2.39637804	167.0150223	3.322710276	19.44069862	0.296657175
pas25	262.9068604	0	0.378797367	7.23444128	12.49437904	1.693770349	0	11.39078236	0	3.678306818	70.71275711	0	0	2.57168889	0	73.97294235	15.7569499	0.09784035	1.831197381	31.77237797	0	1.298945129	2.186921835	83.9023056	0.054662971	2.290274978	3.672787905	1.31738317	1.891076803	216.6381683	2.226327777	4.666962147	4.905218363	168.4029312	2.537079453	53.36400032	2.308016896
pas26	277.02948	0	0.996048093	28.47749138	7.523141861	0.915385723	0.11312063	13.3196249	0	0.374812365	156.0048676	0	0	0.434135705	0	118.3108902	14.64878559	0	2.305413246	25.44329834	0	0	0.620508969	23.53863907	0	4.917621613	5.18782711	0.403893948	0	229.5226593	2.358531237	1.759265304	1.196512699	257.1003418	2.470633745	31.81072807	0.278074682
pas27	137.9906616	1.84336102	1.095541477	6.784582376	8.578315258	0.963289499	0.322841987	7.568305969	2.729375005	1.156829476	58.31863976	0.579391479	0	0.887576997	0.620396972	37.33734512	5.326052666	0.608563483	1.411491036	21.24376678	0.274845496	2.713876009	1.43633002	37.50971985	0.392803013	3.067822933	3.974274039	2.166080952	0.578990489	98.56781006	1.683777988	6.222087622	3.903126955	116.52071	2.275336027	23.18598461	0
pas28	188.0125046	0	1.148930728	6.64927578	7.58233881	2.106837153	0	11.12146711	0	1.134206176	60.88074303	0.316987604	0	3.194056034	0	8.546263218	21.34779453	0.429096073	0.835428417	14.91246462	0	17.17150497	1.829635084	27.08675957	0	1.569776475	1.872444689	0.050065147	4.944926262	166.678833	1.932221293	71.21398544	4.784036636	129.5795593	75.57734299	64.31190872	3.423530221
pas29	158.1865921	0	0.819240957	50.39072037	9.882051945	1.09123081	0	10.82021904	0	0.654964	43.18203735	0	0	2.355469465	0	93.94450378	6.151356697	0	2.74838531	25.12923622	0	1.056870401	1.047940493	10.703022	0.233816117	1.260834217	7.23558116	0.799134731	0.956337541	173.6472473	2.411073685	5.634200811	1.970348954	128.0780258	1.570155025	34.1699295	0.479649946
pas30	190.2680817	0	1.139200568	6.569683552	9.797076225	2.644940376	0	8.680883408	0	1.454617977	101.7122879	3.400322676	0	2.148750782	0.652751744	103.6248932	12.77721214	0.381070256	1.60024786	27.18549919	0	1.272728443	2.060174227	31.01502419	0	2.304028749	3.016036034	0.565262794	1.518851995	188.3913727	1.78604877	3.37956214	3.635324001	232.2394867	2.229841232	33.00302887	0
pas31	149.7336273	0	0.592805266	13.82229137	5.216359615	1.696885943	0	19.38929558	0	1.347631693	45.78396225	0.06368234	0	2.674880028	0	5.475712299	13.02933311	0.52449137	0.703774512	16.52840614	0	12.5099535	1.519694209	13.11346054	0	0.99537915	4.397628307	0.200699121	0.898824215	171.0132599	1.636944652	31.42477989	3.596495152	122.3331604	37.22693634	45.3956604	1.165112376
pas32	160.0146942	0	0.264618069	4.361211777	9.69489193	2.254942656	0	15.39740562	0	2.082731009	45.66029739	0	0	2.659230947	0	6.479702473	22.07614136	0.518411815	0.209349588	15.82365131	0	14.29947281	1.867612004	43.08592987	0	0.98114711	2.403196335	0	0	136.5172119	1.947417855	39.56023788	3.215641975	115.2349167	53.85760117	71.51898956	1.230058551
pas33	162.7093735	0.06959746	1.155548811	21.70410252	6.531167507	1.145436347	0	6.643475294	0	1.365690649	69.56212997	0	0	1.291288316	0	68.61063385	6.66242218	0	2.900785685	18.25712967	0	0.82775563	3.314775586	23.16173744	0	1.865103066	7.843659639	0.699557155	0.839154273	152.7776184	1.167434096	8.289660931	1.795956969	158.0319443	1.603041053	26.11094284	0
pas34	246.7375946	0.124426231	2.324514151	6.76829052	11.0190258	3.484056711	0.360133529	8.632210732	0.528870761	1.711146355	95.07510376	7.083274364	0	7.928817749	3.135896683	92.04450226	18.81001663	1.33750844	14.07968044	25.68980598	1.930571318	5.420338154	3.334523439	45.52953339	0.84168309	3.27529645	5.473379612	1.713711858	11.59674168	193.2092743	2.649280787	6.268766403	4.018521786	228.8815613	5.774467945	31.37766266	2.157618046
pas35	266.7569885	0	0	1.065018773	20.32625389	0	0	9.189382553	0	0.263386726	156.5550995	0	0	0	2.962699413	46.37195206	15.65242386	0	1.143142939	27.80433846	0	1.67517972	2.390582085	132.0403748	0	5.588334084	4.16147995	0	0	152.5477448	0.929434776	2.005313396	6.351745129	164.9396515	10.99368095	21.2335434	0.094153211
pas50	383.4931946	0	0.733983397	8.350456238	7.661816597	0	0.20571804	10.45641613	0.885523438	1.018207431	88.26165771	0	0	3.475812674	0	118.6508713	62.92550659	1.336387396	0.840449512	31.20660782	0.0018908	1.071171045	4.209910393	22.57976151	0	1.827058077	4.039076328	0.208077446	1.543754697	147.6758423	1.639206648	2.452446938	3.657996178	196.2926636	3.272720098	108.6762314	0
pas51	408.6713257	0.072395481	1.416816235	13.24093533	6.065118313	0	0.831619918	14.04727745	1.247643471	1.66079843	103.7040405	0.173076198	0.097026139	3.328612804	0.620925009	145.708252	47.30703354	1.52936995	1.784649014	35.60445786	0.422299623	1.33856225	2.557411671	14.33678532	0.768826246	2.849313974	5.38032341	1.083257794	1.487319827	207.4423676	2.837495089	2.750242949	7.362472057	207.4042206	4.187077045	52.27703094	0
pas36	187.2448273	0	1.973784208	39.02416611	9.9420681	2.328119755	0	11.4017992	0	1.438059449	70.21068573	0	0	2.705098152	0	94.77367401	9.122754097	0.614732862	3.221361876	25.81324577	0	1.168664217	1.168491721	9.726449013	0.271279037	2.247125149	3.664288521	0.584706426	0	204.6300812	2.493641138	18.6408577	2.79658556	184.35672	1.952124596	24.6552372	0
pas37	217.4053192	0	1.153319955	8.512809753	11.86423683	1.429274917	0	6.730428219	0	3.250958443	90.26669312	0	0	0.950645983	0	62.39631653	10.03253078	0	1.8611902	24.1820755	0	1.051872253	4.054668903	63.34437943	0.185699806	2.733612776	4.040614128	0.47395882	0.786793828	161.4248047	1.755069256	5.307240486	2.326379538	190.9598541	3.079590321	31.56015015	0.264370948
pas52	437.5867004	0.800306201	3.137802005	42.20804787	14.19581413	0.047133312	1.686221421	15.10841417	1.549766421	1.404326618	149.2503128	0	0.148107313	2.528204441	0.440221265	164.5318985	66.22629166	1.43527931	2.799808264	42.45807266	0.002633226	0.903909713	1.93028146	10.98709631	0	3.54349792	10.95582199	0.917306691	1.021374226	271.0090027	3.055467486	2.116063118	9.064715385	255.8514099	5.476177216	91.89097595	0
pas38	313.0628967	4.169546127	1.945685625	10.78713989	12.52918148	1.364937186	0.933955014	10.43937302	0	3.073720932	158.6790466	0	0	1.347246647	0.040769864	105.3528671	4.241080761	0.055977222	3.504954815	29.52490616	0.05338918	1.845373631	4.925632	144.6245422	0.980157077	5.214878559	3.813854694	1.177388191	0.925259411	251.5392456	2.97607255	15.83147717	6.606365681	213.686554	3.185477495	14.62504673	0.140084177
pas39	208.1220245	0	0.31207037	29.07229614	7.328236103	0	0	12.99121571	0	0.176788822	95.39761353	0	0	0	0	71.1255188	10.77226067	0	2.331917286	26.10280418	0	0	0.472015828	24.7022171	0	2.851180315	3.943977594	0	0	155.1200104	1.1407969	3.103370428	1.245259047	166.1935425	0.860215425	27.5769043	0
pas40	321.9196167	10.1841135	1.058579326	1.540341496	15.15342236	2.163093567	0.820275307	10.81435871	0.49679938	4.775351048	128.6520386	0.619184136	0	4.006411076	3.66419363	99.25039673	66.84814453	1.523789644	1.627100468	38.68264008	0.446017236	3.023925781	3.710006952	141.926712	0	3.892817736	1.952119708	1.015611768	1.143184185	234.5491486	2.346397877	4.440401077	7.644561291	200.8688354	7.454537392	51.26383591	4.710897446
pas41	321.4731903	1.803610563	2.620004535	211.577507	18.25878811	1.841883004	1.631056368	14.90873194	0.715750307	1.501079679	162.3596878	0	0	0.579045266	0.216258056	78.77855682	24.84075165	0.30385226	7.585743904	36.61611366	0	0.669505805	1.004410625	14.10538912	0	5.460925341	5.422656298	0.687102169	0	231.3438416	2.323508382	10.36924362	3.335597396	223.9681549	2.374057889	41.01311493	0.855440319
pas42	141.3533936	0	0	27.91848946	5.656719685	0	0	9.733108521	0	0.785083354	77.46899414	0	0	0	0	56.00752258	7.588468075	0	0.79973197	15.3335228	0	0	0	20.57193375	0	1.169722199	0.787886918	0	0	117.2324753	0.045278952	8.493437767	0.911404848	138.1628418	0.422396809	22.35702324	0
pas43	305.4766541	0	1.702359319	4.77556181	22.95752144	1.687209725	0.821576416	8.460096359	0.983168781	2.042392731	165.9413452	0	0	0.783533931	2.526358128	85.51673126	24.85622597	1.074009538	1.527229548	27.96990967	7.777002335	2.198959112	1.163587332	44.78739166	0	4.970341206	4.057216167	0.003777662	0.212656006	186.2192841	1.797442913	4.225167751	1.629409552	159.5258484	3.192471981	17.7188282	1.540499926
pas44	193.0031357	0	1.033704042	32.24964714	12.8704195	1.29130125	0	8.847474098	0	4.168519974	122.009964	0	0	0.457753554	0	119.4240799	17.00880146	0	2.364261985	16.26292229	0	0	0.119967852	19.39084816	0.350956142	3.340014219	0.328828573	0	0	164.8717346	1.793849051	3.513439417	0.962597311	198.7807922	1.518004	41.31080246	0
pas45	135.6131439	0	4.165381432	6.347139359	11.5521698	0	0	3.661931038	0	0	41.97628784	0	0	0	0	21.13332176	13.87455559	0	0	8.822799683	0	0	0	12.73190117	0	0	0	0	0	123.8774643	0	0	0.820699573	109.7341919	0	13.22733974	0
pas46	226.5290604	3.945026875	1.12354815	6.428714991	16.38755512	1.677653372	0.018301636	7.715039968	0	3.344518423	98.07530594	0.625138909	0	2.612460732	1.387805223	77.07026291	12.56651545	0.304525271	3.859429359	30.21480083	0	1.691414893	5.824780703	96.86748505	0.857885242	2.920134902	3.650427818	1.151987553	2.726461768	157.8826981	2.031477928	14.49315739	5.650775671	173.4112701	6.117895603	23.27256203	0.619053304
pas47	217.7636719	5.760541439	1.325905621	8.607887268	16.40720272	1.484411657	0.07096421	7.133817196	0	3.903302908	89.82596207	0	0	3.742125392	0.346557066	85.60642242	10.66482925	0.221809953	2.755798817	25.98493004	0	1.047912419	4.353162527	53.17571068	0.022576502	2.725010872	5.490740061	0.894134372	1.321567237	179.5287704	1.444119155	11.63445854	3.870709658	176.0951538	3.471071959	21.04901695	0.576706558
pas48	253.8969727	4.458523273	2.601511002	6.046859264	7.548969746	2.66443944	0.764515877	14.64734554	1.123523712	3.151652813	161.4553528	8.012038231	0	2.187729836	1.27165556	69.3815155	23.19779396	2.586089373	1.540837407	37.220047	1.676130533	6.477240562	5.227426529	136.6253052	2.116707563	6.3546381	3.099914789	0.771588266	3.899783611	149.0455475	2.588091373	8.896204948	6.586409092	63.86115646	2.763203144	61.39364243	2.178454161
pas49	194.2080154	0	0	48.63488388	9.372522831	0	0	21.11573505	0	0	134.3461456	0	0	0	0	92.52799606	17.48911476	0	2.290664315	40.99383736	0	0	0	13.10844612	0	4.100562811	6.239207029	0	0	195.110405	1.19285965	1.227551043	1.066664279	178.9636841	1.364176035	59.35662079	0
ctr10	319.4172211	4.47367239	5.608524323	18.55744362	2.641857028	2.586711884	1.305207253	11.85297203	5.894518137	1.213716447	86.71925354	2.814947486	0	4.590194941	0.131340891	125.6066551	10.75020075	2.717780471	4.69234705	35.76535988	1.092238307	4.901704788	3.032257199	45.6331768	0	4.568933487	4.358100176	2.024852395	1.572588205	212.8973007	2.050277472	23.92305756	2.396059394	296.7046661	2.399437547	36.88648987	0
ctr11	456.5459747	4.021203995	3.822828889	40.49776268	5.106184721	0	1.459476352	13.50209236	4.820219517	2.19569087	121.7291527	0.671547949	0.272253647	11.85339212	0.622869611	226.0431671	53.28702164	2.269863844	3.36502564	53.05383682	0.722184062	2.630173206	3.134659052	7.052758217	0.044269066	3.289476275	9.999881268	0.880410552	1.609519422	199.016037	2.290337443	2.286895514	1.021131814	309.3006439	3.681442261	51.7940712	0
ctr2	211.5204773	0.296953291	4.686433315	104.8187866	3.719718218	2.563157558	0.48238638	6.468605042	2.657654524	1.116232395	63.71355057	4.946638107	0	9.396511078	0.797309279	125.5321808	11.68089867	1.469285965	15.67332172	26.72271538	1.991685033	5.335578918	1.873751402	5.909248829	0.619490802	2.747481585	8.682614326	2.023451328	8.673072815	205.9473114	2.917977095	11.36916161	3.410860062	376.9300232	4.61990118	30.79917717	2.052446604
ctr3	238.9757767	2.149519205	3.454914093	80.3015976	3.591678262	1.345555067	0.813847601	8.085155487	1.611158013	1.363234103	105.3443832	3.093574047	0	5.568904161	0.483362764	0.806493461	6.036922693	0.541620553	12.64836502	29.74844551	1.219102144	3.46639657	1.964729965	10.46649504	0.43909356	4.267177105	10.1334691	2.379269719	4.728036165	221.0112915	1.417554677	7.072221279	3.656284571	390.6396484	5.163900137	16.5560627	0.732188851
ctr4	115.1637192	2.922996998	2.761451244	51.47429276	3.039260149	1.668977618	0	4.715812206	16.13342857	0	19.61693573	2.632517099	0	4.969133854	0	67.0354538	12.39028835	2.669904232	4.054759979	15.58105469	1.454768062	4.264225006	2.274333715	9.924935341	0.194469362	1.262730002	5.234874725	0.311718881	3.350260496	125.3220367	1.395224571	29.15977859	1.832511306	166.7265167	0.949335575	42.21995163	1.38860321
ctr5new	243.8715363	2.672333956	3.382867098	19.9665699	1.935162067	1.445126176	0	8.078968048	5.315760612	1.066640973	73.05298615	2.324552774	0	8.201499939	0	138.3921814	14.1735096	2.359377384	5.224457741	29.8623333	1.529503942	6.082500935	3.120329857	36.37685776	0	3.641705036	3.909404755	3.07441783	0	224.0593567	2.593438148	29.30863571	2.672074556	309.6026917	3.127354145	35.7035141	0.144027621
ctr5old	192.4440613	6.546339035	9.083649635	37.78793716	2.768831491	3.151473045	0	6.374806404	4.222512722	0.319883227	74.47723389	7.29685688	1.116715789	7.517858982	0	95.99004364	16.2997303	7.635172844	6.56467104	24.87328148	4.486417294	4.201871872	7.596158504	24.40174866	0.638438344	4.709053516	7.296738625	8.556142807	0	195.8569794	3.025468349	68.48448944	3.436066151	326.903595	3.729709387	66.32391357	1.1458776
ctr6	208.5982208	0	0	9.51958847	0	0	0	3.758800507	0	0	61.24392319	0	0	4.536971092	0	112.6378174	10.22488785	0	1.730249643	27.62409782	0	0.180821553	0.946466029	69.72020721	0	1.240159392	1.432473183	0.21010077	0.161209375	192.6450348	1.106696725	1.881158113	0	263.9144592	3.591048002	24.4918251	0
ctr7	395.0932465	99.85572052	7.775733709	26.76755333	6.694948673	1.972847044	2.409806848	8.407792091	14.55784893	2.077996254	178.2299347	11.68490887	0	2.170517921	0.381787702	164.9891968	21.7508297	8.01033926	15.25791264	37.59439659	4.790355444	13.59347105	12.30409193	57.62389946	0	7.218405962	6.364890099	8.254201889	14.35708857	302.7895355	0.27369222	78.29734802	13.19484663	355.056015	5.552096128	43.94016647	0.719678253
ctr8	319.4172211	4.47367239	5.608524323	18.55744362	2.641857028	2.586711884	1.305207253	11.85297203	5.894518137	1.213716447	86.71925354	2.814947486	0	4.590194941	0.131340891	125.6066551	10.75020075	2.717780471	4.69234705	35.76535988	1.092238307	4.901704788	3.032257199	45.6331768	0	4.568933487	4.358100176	2.024852395	1.572588205	212.8973007	2.050277472	23.92305756	2.396059394	296.7046661	2.399437547	36.88648987	0
ctr9	319.4172211	4.47367239	5.608524323	18.55744362	2.641857028	2.586711884	1.305207253	11.85297203	5.894518137	1.213716447	86.71925354	2.814947486	0	4.590194941	0.131340891	125.6066551	10.75020075	2.717780471	4.69234705	35.76535988	1.092238307	4.901704788	3.032257199	45.6331768	0	4.568933487	4.358100176	2.024852395	1.572588205	212.8973007	2.050277472	23.92305756	2.396059394	296.7046661	2.399437547	36.88648987	0
