ID	CD45	EpCAM	casp3	CD45RA	CD69	PgR	CD56	TCRab	HER2	CD25	CD44	PanKer	TCRgd	pSTAT1	TIGIT	CD27	VIM	Ecad	PDL12	CD28	KI67	FoxP3	ER	CD45RO	CD19	CD24	CD38	CD8	EGFR	CD3	CD20	pS6	HLADR	CD4	PD1	Hist1763	CD16
pas1	361.331604	0.137746349	1.760743618	2.489485741	75.00406647	3.761640549	0.356648028	11.02022552	0.450424165	1.018633962	84.99180603	0	0	7.564441204	25.8282795	100.3809128	4.353000164	1.116516709	0.442265242	49.85169983	3.069981813	3.436757803	9.261829376	291.4403687	5.771677017	3.330359697	9.730077744	1.477879763	0	201.2229614	3.443530321	5.682086945	6.806644917	87.19942474	245.9187469	73.0267868	0.68397361
pas2	318.2834778	7.448809147	0.907623589	1.919138193	81.05874634	3.817298412	0.632659197	12.60788631	0.772209585	1.503018498	115.8903198	2.454977751	0	4.187885761	19.37358665	72.36935425	14.2477293	0	1.986208916	40.39788437	0.888111115	2.137666464	10.64096451	213.9038391	2.001731873	3.07502389	11.91578865	0.971013367	2.952952862	217.441452	2.041506052	9.39540863	6.441698551	96.11431885	186.4491272	80.89435577	2.00833869
pas3	343.348175	1.521685839	2.247732401	4.33662653	137.9090729	1.673811078	0.886956871	8.01860714	0.903495908	1.160010219	50.84515381	0	0	2.731902361	45.48522186	87.29663849	1.556887269	0.517373025	3.738995075	64.92447662	1.320142627	3.138347864	7.683390617	296.5787048	5.86017704	3.604712725	14.42446423	1.600721598	0.471062392	216.7402954	4.965752602	4.17971611	10.95883846	204.0374756	199.2352448	19.65717125	0
pas4	241.579895	0	1.400607228	5.912572384	108.6309967	3.78552413	0.451227576	10.97179031	0	6.880757809	112.4181137	0	0	3.31372571	27.2239399	117.4340057	3.506598949	0.262979746	1.042067289	45.34584808	1.024671197	2.1228652	6.648460388	193.9231873	2.166863203	3.491234303	5.133952141	1.304768682	1.642444491	172.2935333	3.539039373	4.067158699	5.234057903	100.028038	133.9992065	38.74562073	0.230198056
pas5	233.8550644	0	1.137607992	3.638150096	86.17818451	2.078255296	0.303278789	10.90126276	0	0.780795813	40.69860649	0	0	4.249510288	28.30334091	65.33330154	2.55031383	0.514494598	0.459083065	48.04669952	1.696532905	3.669945836	8.706751823	247.9929123	4.879662275	1.428853571	7.825550556	1.579264045	0.825273424	131.082901	4.235519171	6.629667997	5.168869257	51.14087677	241.7623749	36.64886665	0.321840748
pas6	453.3465271	0	1.821516156	0	30.01070118	3.000668526	0.14236448	13.83440828	0	0	143.3780441	0.688572392	0	5.685032845	24.42103672	48.72993851	12.3048296	0	0.504785195	43.00379944	1.031368881	3.971451283	13.55353498	266.4037933	2.194139481	4.04400444	3.62991333	1.646166801	1.802304387	300.9959717	2.076514661	8.784747601	7.357129574	71.87303925	159.8382721	55.80717087	1.700870395
pas7	354.6065063	0.086675569	1.632438958	3.431364655	81.38167953	1.820172191	0.751160949	8.676084995	0	1.644139647	112.5626373	0	0	1.390703976	29.36595821	114.4180183	2.576994896	0.019126552	1.405182362	43.4152565	0.335052848	1.709496737	8.747251034	206.7518387	3.585268259	4.12273097	5.982881546	0.65435037	1.010140389	170.1892471	3.406264901	6.47632432	4.777846098	187.8760834	140.0036621	17.0775795	0.008265108
pas8	227.5772247	0	0	0	50.54802895	0	0.650052786	9.469209194	0.614524871	0.556105494	145.1764183	0	0	1.856071621	26.37953568	0	2.495707005	0	0	21.61555672	0	1.168050528	4.170600295	146.8299942	2.242331982	5.734771729	2.014166892	0	3.093995452	145.8846321	1.238460422	2.904236674	2.030623078	59.67626572	196.8210907	12.13484406	0
pas9	498.0190735	11.17461109	1.009849131	0	92.95424271	1.758958399	0	14.92398977	0	0	220.6417313	0	0	0.772772193	30.48887062	17.09914684	8.637613773	0.581318855	4.13700676	49.41316223	1.318330765	1.687263191	7.925938129	307.7801208	0	7.314954996	14.66058874	0.871422738	0	223.5563507	1.53231281	6.508435249	25.20918179	332.0297546	189.1477051	33.22865486	0.78360644
pas10	284.8464508	0	0.038083099	0.790410876	43.8237915	3.147174239	0.170280874	3.861831903	0	0.233428925	143.4587936	2.50479126	0	2.633442879	27.49922943	0	5.084015846	1.302244544	2.008655488	44.41041946	1.335641265	5.769091606	7.442116976	222.2232742	6.029889822	1.985851407	4.398301959	1.214230657	0	132.6241798	1.822305977	7.690204859	14.66506863	270.9886475	140.2892914	24.75478458	0.198999083
pas11	341.3494568	0	0.595174134	4.593332767	38.74388218	2.163983822	0	14.94283199	1.816723764	1.226508617	142.0691299	2.045122027	0	4.275125504	24.06615925	190.4906921	11.76768541	0	0.366722375	48.48900414	0.512786508	2.282954454	8.790762424	244.8183212	3.556932092	2.844337702	2.030236959	0.019367987	0	175.8675385	3.622770905	2.520520091	8.293176651	332.869812	133.6364822	48.44783211	0
pas12	185.6669464	2.19287765	10.73724937	1.40558666	52.10571098	8.392388344	0.017931907	23.31480408	3.304211974	0.534068614	44.77982903	15.32422018	0	15.03677034	17.97171497	4.880488157	13.81451511	4.746044636	3.569580555	26.7875061	15.97863579	45.76665306	12.85447216	140.2399368	1.930352569	6.458836079	12.01684809	2.213853359	15.31937599	146.0220108	6.135666609	239.7893524	26.55674648	107.290226	172.1738739	200.1904831	6.034888268
pas13	267.2907867	4.669160604	1.622778475	0.452674001	63.06440163	2.269854546	0.648207486	7.374257803	0.620866001	0.255736507	68.62166595	0.613696992	0	4.245697021	18.60958004	6.954086542	21.84196663	1.701176524	2.858307004	20.27482033	1.228649497	2.704502583	8.432207584	146.0742645	0	2.879633546	12.85395813	1.414551973	1.845411479	161.4661026	0.744976491	6.89039588	10.44654274	175.8858185	161.7014923	55.1974678	2.00545752
pas14	486.1837006	0.584235489	2.094782829	1.079018533	80.39719009	2.923562288	0	18.2450428	0.692776144	3.472027779	195.6092224	0.762069285	0	3.435494661	32.78595734	42.3514061	17.01408577	0.996113539	3.543450117	31.0056839	2.332322359	5.742090464	8.613900185	321.1134644	0.84655568	7.117894173	10.67577219	2.430697441	0	257.4945526	2.298859	9.501692295	26.4758091	261.6553192	224.9576797	49.69673157	1.824212193
pas15	375.0248871	0	2.445690989	5.577914715	67.49363327	1.473670006	0.358381301	12.65685225	0	0	199.5753632	0	0	0.44720231	32.19036674	146.1097412	7.610260248	0.893739432	1.189315379	56.66140747	0.731174022	1.745096087	6.792104959	275.9007568	2.196578145	5.773112774	9.680391788	0.133977309	0	190.0806351	3.261842608	2.788175344	7.80522275	299.1050262	166.3388214	47.36290359	0.213186085
pas16	289.3196106	0	2.045828342	3.299095631	61.38121796	1.443608522	0.43478182	6.320962906	0.606991589	2.78326869	124.6447601	1.05924511	0.3179093	1.72221303	35.24374771	0	3.974678278	1.166217804	0.685222328	32.2519722	1.396202087	3.81184268	4.010965824	194.6312714	0.589139819	4.435486317	8.429875374	1.499760628	1.151697278	112.2172165	1.205046773	4.933043003	6.610758305	233.1973114	157.9893036	18.50712776	0
pas17	444.8305969	0	2.814255476	3.431638479	81.16583252	2.628344059	2.00787878	17.60061836	0.609985471	1.346705437	202.829422	0.137422413	0	2.959037066	25.94186401	135.6048431	4.851464272	0.386374623	1.632095337	52.26993561	1.27651298	3.030010462	6.241287231	266.2036438	2.356550932	6.868981361	4.548650265	1.284011602	0.776937187	191.9341888	3.378455162	3.785638571	7.507679939	257.8942566	153.7781067	51.24254608	0.577693582
pas18	391.0720825	1.656653404	2.034206152	4.382861137	86.97413635	3.559663534	0.221153244	17.97736168	0.552431345	1.771491408	119.5305176	0.891502917	0	5.629586697	32.70594025	194.1127472	6.640555859	1.52066958	1.033567667	63.78404236	1.907552719	3.582264423	8.266714096	279.2272644	2.961081266	4.558148384	7.791408062	1.624734044	0	252.6164246	4.592962742	11.19175243	11.50967312	259.538147	183.353363	67.84088135	0
pas19	267.8407593	0	0.507864833	1.489380717	66.82549286	1.982510805	0	11.17029953	0	0	64.55561829	0.460654587	0	6.376358032	39.81847763	0	3.30545187	0	2.353759527	34.95878983	0.833937407	14.59414959	8.734369278	231.8974915	3.461131811	3.216940403	11.46809959	1.644476056	3.06045866	154.6528015	2.660477638	4.574756145	9.518198967	149.8737946	309.1490479	39.27560043	0
pas20	332.73703	0.224880949	1.189473391	3.287758112	87.57200623	3.425839663	0.423345923	16.15714073	0.327757627	0.412473202	57.66071701	0	0	4.7383008	32.62054443	174.5872498	3.719854593	0.775356948	0.815820158	38.39126968	1.744156241	4.150782108	8.530363083	301.0745544	1.446274996	2.376728535	13.56265736	1.391860247	2.384305954	198.2623444	4.134968281	4.202555656	5.773996353	173.5601654	198.7583771	81.06800842	2.873430967
pas21	462.2164154	0	1.848235726	6.6713624	97.62739182	3.513435841	0.789668351	16.43336964	0.566754639	1.205502689	186.9524078	0.152621739	0	4.506119728	36.6623497	193.3572617	10.43246269	1.397623777	1.533907592	77.11433411	1.6774351	4.216844082	10.44165039	406.1387634	2.777137399	5.124736071	5.339678526	1.672822118	0	252.7793121	4.61248064	5.300215483	7.948301077	314.5343475	153.6581879	72.50815964	0.046350675
pas22	448.9861908	1.273361146	1.501917064	3.965584993	89.10646439	2.178455472	1.507095695	17.4145565	1.773559391	0.935102224	162.2582703	0	0.247929178	1.653853297	32.67971611	104.7539902	5.271543503	0.26827383	1.319918573	54.07896805	1.526832759	3.006222725	7.805063009	310.040451	1.864339054	5.327264786	4.64145422	1.140159965	0	197.2662735	3.360604882	4.855563164	5.55879283	310.6793671	169.7456512	46.7510376	0.517378688
pas23	387.6208344	0	2.329385519	6.471976757	84.06716156	3.432615161	0.395950466	13.84518242	0.464254901	1.37997371	146.0488129	0.469785154	0	4.925376654	31.33854961	230.2891312	10.34864569	0.989411503	1.405376196	50.09355927	2.489164948	8.853665352	8.793492794	330.4052429	2.322237134	4.293299198	3.357841849	1.255216539	0	219.8375168	4.858922482	11.50716877	7.792468071	248.9255142	170.9132309	81.86416245	0.267257959
pas24	246.3599854	1.619818985	1.118483782	5.90000844	55.70900154	2.430048108	0.548418522	7.529831171	0	1.133405745	92.86950302	0.208719887	0	3.168336272	30.49298	134.9208069	4.718838215	0	2.614430666	33.06820297	0.765400231	2.043859124	9.184588909	203.8413162	2.905756712	3.347793102	5.025904655	0.945342392	2.290682316	143.6626358	3.734088182	7.892086506	4.262171507	195.4676971	141.7030029	30.95116329	0.546124399
pas25	356.0589447	0	0.201918624	4.474890471	86.78437424	3.133625507	0.329161972	16.80486584	0.420164034	0.93873629	81.98939133	0	0	3.740807295	22.97500324	149.917305	10.1105628	0.361420378	1.574933052	46.21939659	1.929931343	3.045608997	6.315182924	233.9572372	2.058029532	3.458429694	4.597276926	2.976638079	3.185558081	253.7140198	4.397812843	4.215684652	11.45216084	216.7976608	163.5617218	72.32179642	2.793666005
pas26	471.966156	0	1.350132704	5.287694931	83.78942108	2.697985888	1.001116276	17.61907005	0.07609801	0	172.831192	0	0	1.549116969	35.39619446	175.6550293	1.920710444	0	1.430217743	54.33127594	1.093634248	2.012927294	8.280586243	328.0592957	4.103721142	5.4929986	11.84627247	1.003134251	0	219.7876892	6.951997757	1.98118031	6.714820385	279.3136292	290.3501892	52.53021622	0.717168033
pas27	248.4082413	3.316786051	1.52760303	4.103095531	54.48763657	2.172091484	0.858362526	9.560661316	3.78221643	0.799773008	69.12692261	1.005228519	0	1.730240464	24.04608154	87.95179749	3.729606986	1.1027565	1.196363509	37.41428566	1.200865507	3.984874487	4.838477135	169.6947556	2.221189976	3.659534931	5.4407444	2.780341506	0.713310987	103.375515	3.683810592	7.196903229	9.148476124	141.1947098	182.66436	29.55564594	0.098360498
pas28	273.6320801	0	1.091841698	0.95540309	66.98932648	3.520677805	0.117710814	13.50691509	0.256323814	0.898156643	79.30530548	0.526063681	0	4.574607372	20.93398857	15.06834984	10.35183048	1.074469805	0.063811257	29.66369629	1.199706554	21.3878479	5.17686224	134.1366882	1.189894915	1.860915065	3.792939186	0.764833748	6.841959	170.410553	3.322760105	81.87831879	7.804233551	139.4514618	198.0660248	106.6633911	4.839026928
pas29	289.0019073	0	0.623094797	5.220177174	122.1978302	2.256568313	0.320289984	13.21862411	0	1.087934554	37.09213066	0	0	3.516402841	38.13895798	129.3298492	1.201667428	0.262001887	0.997300357	46.97565842	1.419448197	2.791088223	6.640091658	239.7635193	3.314947605	1.510140896	15.62440157	1.412384212	1.532868743	156.2406845	5.347374439	4.001184464	6.757346392	137.2963867	236.667984	42.66285324	0.727600038
pas30	269.6843567	0	0.888037652	1.140525937	84.44475937	2.732434392	0	7.713680983	0.007888761	0.012075345	89.97676849	4.702509165	0	2.392757893	33.97873688	144.5018005	2.073185802	0.491645113	0.820479363	35.16288376	0.230409026	1.501954675	3.935072064	112.1664162	1.827432334	1.986856163	2.924829364	0.576707572	1.420434952	136.0270386	3.446368217	3.558936119	9.34885788	211.1881638	187.9051743	25.2333374	0
pas31	250.6331177	0	1.48628819	1.718429625	81.3504982	4.521406412	0.00518032	22.35363293	0	0.272556379	61.90397835	1.014498174	0	4.793628454	19.46925926	11.27380705	6.047056198	1.069558859	1.521633208	34.2231617	1.926812887	17.84478092	6.191955566	170.3362732	2.06326735	1.637360692	7.376965761	0.913656652	2.170446277	165.8754425	3.339125156	41.08039284	11.32560635	134.4318237	220.7819443	92.34357834	2.475433111
pas32	246.6179657	0	0.965180993	1.587829769	125.0279121	4.578576803	0	18.87970924	0	0.764419287	53.22850037	0.261551976	0	4.626820803	22.6777029	11.27564192	2.364561558	0.929296374	0.101890247	37.66400909	0.794748545	17.58444214	5.198064804	143.6754074	2.403934717	1.662954032	6.746255636	0.741350025	0.106749881	134.3153839	4.817997932	51.02779579	7.665665388	134.9179459	295.886673	101.9952202	1.895144165
pas33	274.4470215	0.159040347	0.94319284	3.076829195	66.80089569	2.1747787	0.111396745	7.872723103	0	0.360519379	59.22172546	0	0	1.964087486	35.37178802	112.4104996	3.369983673	0	1.213498235	32.38683319	0.928986192	2.455368042	9.500983238	231.0627136	1.827816606	1.9025774	7.752472878	0.740154266	1.10052669	135.8868866	2.776535511	7.297641754	4.549562454	136.949585	198.5055695	35.76443481	0
pas34	322.4304504	0.650089145	2.397996902	1.031168222	53.8054924	4.78061676	0.601039112	11.93171597	0.578999162	2.519623518	71.9828186	7.585590839	0	8.552458763	33.59794235	80.12469482	11.04265308	2.447567701	13.88298988	31.14420128	3.484017134	6.70689249	7.107249737	137.0788422	1.384755254	3.577035904	20.54321098	2.52077961	10.34716702	172.0861969	2.775178909	6.307407379	13.41476727	212.6587067	213.2344818	52.21798325	2.372797966
pas35	379.5515594	0.253360108	0.840062052	0.324797958	56.13661003	0.806376159	0	16.23698044	0.194335602	1.394736469	181.1062088	0	0	0.680108875	28.11588478	61.88700676	8.68284893	0	2.350423813	39.20230293	1.350724459	2.809491873	5.879801989	258.4890594	1.221231103	7.113362789	10.61383533	1.143064082	0	192.2046356	1.921949685	3.85966754	38.54167557	215.3164902	126.7062836	30.78615379	1.144170463
pas50	550.3874817	0.193254784	1.378516853	1.009366632	96.96348953	0.32498458	1.162436724	12.8688612	1.817030549	3.850679159	120.4838715	0	0	5.503937721	26.11740303	202.4172363	23.24571037	1.433308423	0.936130792	56.45753288	2.304688454	2.895403743	9.176388264	267.2817078	2.278558969	3.269549847	1.600670695	0.929741412	1.847022057	120.4895439	1.775151968	3.215884566	16.6291647	202.9557877	286.5538177	136.3287811	0
pas51	640.9480896	0.708271861	1.955211043	2.54541409	110.9731216	0.668448776	1.61768043	13.87534523	1.673483372	1.724729538	111.7543602	0.426306322	0.858411908	4.551379204	34.47908401	260.9970856	9.898735523	1.29087621	1.310962558	69.17308807	1.709452152	2.753527045	7.399516106	258.4091644	3.561179042	3.042042255	8.70669651	1.662765145	1.668216646	173.2674103	3.272574663	3.006783962	24.41772556	212.6182175	354.4764557	65.59051132	0
pas36	270.9814758	0	2.284923911	4.422421694	93.48456192	3.943678498	0	12.86487341	0	1.763332307	87.64443207	0.369734004	0	4.982711077	31.27465057	186.6432266	2.285959363	0.878261954	0.613015801	44.974123	0.232015714	2.917900443	4.76700902	152.5248566	1.830498099	2.520570755	4.066844225	0.678922564	0	152.9069977	4.080184937	14.59189034	4.510920048	208.4948425	182.4512329	35.13985634	0.014812131
pas37	313.5431976	0	1.067441523	3.123403072	84.16399384	2.62542665	0.146005511	7.139741659	0	1.039261758	94.98902512	0	0	1.636594415	34.34161568	97.08082199	3.145529032	0	1.264402807	38.72534752	0.52825889	1.936201096	8.790017128	204.8713989	2.569413662	2.642296553	6.586446285	1.156098962	1.402427495	139.2661057	4.552243233	7.803055286	6.329963923	222.7178421	163.1283035	34.73898506	0.421554506
pas52	622.0816345	1.363152623	3.308743358	1.933191001	98.04588699	0.362276047	2.477382541	13.84687185	1.931339025	1.922930539	210.9840622	0.183378473	0.603672147	3.077061892	25.84161091	277.6938019	36.88535881	1.173420489	1.690602839	75.49168396	1.474015951	2.959816456	8.151422501	338.6929321	1.975498796	4.208224535	3.973277926	0.699402511	1.050313056	203.8583908	3.234178185	1.651595294	26.80194187	258.8387909	208.021553	125.6047134	0
pas38	476.9132996	4.635202885	2.835173845	7.8817873	101.5992126	2.476500273	2.004867554	14.31341076	0.360554904	3.001835823	220.3069305	0.061299905	0	2.668398142	33.2281723	203.0042572	2.94410038	0.914252579	3.502749443	59.00202942	2.19355154	3.873468399	12.0398283	394.1815186	3.820832253	7.127813816	5.541707993	1.684316754	1.444265604	272.0253296	5.443387508	17.46473885	14.31353378	280.4024048	169.3660278	21.13754654	0.145010501
pas39	369.0660248	0	0.457708046	5.854026079	68.54343796	1.740419269	1.125758529	16.44078445	0	0	144.9874878	0	0	1.610930026	33.69600487	159.3273849	6.071869373	0	0.036893393	59.37842369	1.549161136	3.003212929	9.363020897	385.454834	2.124391437	4.444358349	5.468186855	1.003400922	0	156.5940399	4.236762285	5.677293062	8.055840492	234.8491364	179.6963806	40.3619442	0.462646723
pas40	431.986908	9.20245266	1.374568641	0.105904642	97.80613708	4.483460188	1.457912207	13.74291706	0.662332684	0	110.7935371	0	0	7.940019608	32.08257866	141.1901398	26.46825504	1.820536792	1.087851226	58.22506523	1.430851161	2.016025066	5.625750303	264.8368225	0.846262842	4.039193034	6.787311077	1.654203057	1.086463809	291.2685394	4.421837807	7.74684453	18.0009346	225.2451019	203.4637375	84.91667557	4.471661568
pas41	570.0829163	3.907533765	0.364526371	17.83577156	77.33507538	3.461533189	1.809938788	19.9126358	1.414822161	1.467325866	219.2347717	0	0.079748668	0.994883746	32.02873516	115.266613	12.46450281	0.827890307	2.534664869	67.56215286	1.831223249	3.039761782	7.505140781	370.2541962	1.905949891	8.137033463	3.742026448	1.786942482	0.478286594	283.5841064	4.007326961	8.109735012	8.763691902	271.1194611	128.2748871	32.05352497	0.726407185
pas42	251.1116486	0	0	3.914536238	69.57006836	1.449809432	0	9.457201958	0	0	94.16880035	0	0	0.154527321	33.15545654	101.409935	1.827270865	0	0.609245241	37.95316315	0	0.701583445	4.66015625	180.4200745	1.131591678	2.481200218	5.207287788	0	0	91.27555084	2.747522116	8.706109047	6.644940853	163.6889954	237.6496582	32.80050659	0
pas43	494.9111328	0.108595535	2.298635721	1.631712914	91.96664429	2.190290451	0.935039461	12.49424458	1.173172951	0	137.9907379	0	0	1.088708162	34.20947647	139.8727875	2.650299788	0	1.640937209	50.31658554	9.825792313	3.152018547	5.472335815	192.5399017	2.073744535	4.084134102	4.811556816	0	0	162.4881744	4.564566135	4.525004864	4.921469212	200.4915161	175.0886993	22.85665703	2.414799452
pas44	323.640625	0	1.694421887	7.153423309	88.85523987	3.576936483	0	10.54054737	0	1.036419034	161.3064423	0	0	2.168525219	32.47795486	198.7378845	7.432555199	0.111731887	0.242701381	35.18704224	0.795201063	1.357193828	5.122960091	235.4214172	3.997134447	4.539898872	0.825685382	0	0	160.9619141	3.589566946	5.374727249	2.655222654	294.3605957	163.0327606	54.15520096	0.283356756
pas45	296.2282181	0	1.055196285	4.968705539	61.49018669	1.406573057	0	10.335289	0.544731736	0	103.5824509	0	0	0	40.71250916	129.2121658	8.099231958	0.301710248	1.291523457	47.33550835	6.540333629	0	9.191289425	325.8343353	2.942575991	3.819516063	3.68496573	0	0	133.4575119	1.675343096	5.925374269	6.713715553	262.8825455	104.0724144	46.73542404	0
pas46	315.2718658	4.436691999	1.788273275	4.519395828	69.19095612	3.4912889	0.595277101	10.98020172	0.083874665	1.53108716	101.3298492	0.518824339	0	4.352871656	30.63984299	153.2558441	7.961402416	0.828030795	4.146955729	51.93348694	2.257067919	3.042471528	11.89195633	237.3577881	2.93345809	3.51313889	5.556447029	2.254317284	3.510163069	185.6261368	4.637984276	16.14093781	11.6462326	205.2495804	227.3004913	45.96044922	1.138306201
pas47	310.5220947	7.837248325	1.748864651	2.150450468	63.90484619	3.08821106	0.630124688	8.84213829	0	1.251427531	142.0216522	1.098622322	0	3.82647419	27.51767921	127.3809967	13.94928074	1.071768522	2.069592714	36.21192551	1.168675661	2.59204483	8.923765182	194.7697754	1.140811563	4.599371433	7.669953823	2.928612471	1.834403276	165.1837769	2.544324636	9.977274895	16.63529396	223.9709473	146.7090454	32.93606567	0.910574973
pas48	346.7496033	3.262134552	2.732650518	3.39063549	62.96689224	3.277877569	1.082380652	14.32159042	1.085814118	0.876624763	98.17864227	7.947274685	0	2.606178045	28.24751472	102.4893112	6.07632637	2.972567081	1.479425311	53.15763092	2.981337547	7.461334229	9.222488403	259.0177612	3.600422144	4.50810051	6.085629463	0.741468608	3.953597546	119.8368683	3.761737108	10.84348679	8.072190285	58.93350601	271.1032104	72.90185547	2.239367962
pas49	317.3026428	0	0	3.959365129	78.25820923	1.607522607	0.499501318	22.26949883	0	0.154258102	155.4641266	0	0	1.079545736	34.16246033	152.8802643	6.290817738	0	0.527369797	58.59272385	1.251404881	2.174787045	7.608701706	297.2078247	0.988137424	5.00281477	5.616671562	0	0	173.3163605	3.288689852	2.880595922	5.769859314	193.2465363	165.5289764	75.41578674	0
ctr10	459.6318054	6.098992109	4.333745122	2.569574475	0.389631614	3.367403746	1.032941312	20.35887337	4.719653845	0	107.6229095	1.835322678	0.667858139	6.240733862	29.95572853	143.2567978	11.42970848	2.265972853	1.357403815	52.20535851	3.946406245	4.833702087	10.07300329	306.8146362	0.421215922	5.610183716	11.70654249	4.073361278	0.311068393	268.2228851	2.199009776	18.21120358	10.63421249	356.4495087	97.88228226	37.43626785	0
ctr11	663.0142212	15.42886066	3.099442005	12.64880848	10.29614925	0.729191601	4.127855301	14.84585381	30.4190979	1.773235083	195.342926	3.161040783	1.586585879	8.199105263	39.46248245	264.6595764	90.47856903	4.276702404	3.194882393	112.1224747	2.317049026	3.135825396	5.604363441	147.5660858	0.971938133	4.770133972	5.856795788	0.488191724	1.141355276	275.8663635	1.992256284	0.381461173	1.910177946	388.3666382	204.9069824	115.0304718	0
ctr2	288.2495728	2.342671156	0	4.620779753	0.612323284	2.274290234	0.349057883	7.940854549	1.4904356	0.505115032	74.62857819	3.918409586	0.704452991	4.314194798	30.50102329	117.1296997	7.611733675	2.221251309	1.692776382	40.17039394	7.517150402	6.049057245	6.951015472	204.6867065	0.767123997	3.657260835	1.680275321	6.037779808	6.656299353	197.9223099	5.246059656	5.5386343	7.836562157	306.5773926	86.61398697	20.64322805	0
ctr3	357.5718079	5.262626171	2.92107296	2.176583052	0.875194252	0	0.601070464	10.4393816	0.896076143	0	99.34682465	0	0.009444228	1.623371243	36.8989563	0	5.810555458	1.586639762	6.275520325	40.03437042	2.774030209	4.435892105	5.50147438	220.9958344	1.119900703	1.642940998	4.871762753	0	0.77850914	250.2260742	0.768273234	4.726451397	10.99381256	452.855957	90.80596161	16.60297012	2.528653383
ctr4	322.1359558	0.765041769	7.423942566	15.42812729	104.1736145	4.100345612	0	13.17112255	0	0	14.06121445	0	1.95789361	0	25.53336334	26.94516182	2.668737888	1.308110237	0	22.56006432	5.103286743	0	8.291921616	118.9381104	14.21960545	0	5.63663435	0	0	86.7311554	4.938377857	5.418786526	6.763904095	44.22000122	273.8626404	38.1913147	29.64908791
ctr5new	328.495697	2.197923899	1.988182068	2.364961624	0.572255731	1.676895261	0	11.44596577	8.819396019	0.57320416	94.17263794	3.689147949	0	4.553328037	29.05012131	139.4370575	15.07193184	0.931157291	3.281422377	48.85980988	5.106483459	6.797795296	7.844882965	217.7817688	0.764833272	3.507497072	9.840667725	4.70071888	0	240.4639893	1.345360637	20.7683773	9.054927826	379.9057312	90.73118591	33.53100204	0
ctr5old	278.0733948	6.868100166	11.38399601	2.276174426	0.926646769	2.816813827	0	12.22622919	3.893887997	0	101.9947891	10.778368	0.721511006	9.512883186	30.56528473	144.2293625	18.92902184	9.208526134	3.941605926	39.56565475	6.753821611	5.816436529	12.51597786	186.2259903	0.990382135	5.831138611	4.31480813	9.25948	0	233.0943146	4.379682302	63.78071976	9.224424362	369.6274414	98.33203506	83.03223801	0.371598184
ctr6	306.9675598	0	0.262565643	4.190461159	1.908040881	8.425131798	0	9.532139778	7.658833504	0	103.2694092	0	0	7.489300728	24.63551903	70.25521851	7.357820034	0	0	87.33573151	5.893029213	0	6.51630497	348.2573547	0	0.994469047	0	0	2.450289965	210.9508514	1.87824738	0	7.916324615	429.1824646	113.5520248	33.73036957	0
ctr7	499.3800964	208.1966095	5.865657806	5.09817028	5.359729767	2.109946728	1.682184696	9.591713905	15.38741779	1.130422831	184.8093719	12.27731323	0	0	34.61972427	145.4085541	22.50602722	10.51600266	17.79573631	47.4189415	9.87950325	14.48279476	17.11655617	324.3382874	0	5.525672436	5.751180649	8.386613846	22.04564285	283.9668274	0	76.27060699	17.76212311	421.9373169	99.65113831	51.51248932	1.447386026
ctr8	459.6318054	6.098992109	4.333745122	2.569574475	0.389631614	3.367403746	1.032941312	20.35887337	4.719653845	0	107.6229095	1.835322678	0.667858139	6.240733862	29.95572853	143.2567978	11.42970848	2.265972853	1.357403815	52.20535851	3.946406245	4.833702087	10.07300329	306.8146362	0.421215922	5.610183716	11.70654249	4.073361278	0.311068393	268.2228851	2.199009776	18.21120358	10.63421249	356.4495087	97.88228226	37.43626785	0
ctr9	459.6318054	6.098992109	4.333745122	2.569574475	0.389631614	3.367403746	1.032941312	20.35887337	4.719653845	0	107.6229095	1.835322678	0.667858139	6.240733862	29.95572853	143.2567978	11.42970848	2.265972853	1.357403815	52.20535851	3.946406245	4.833702087	10.07300329	306.8146362	0.421215922	5.610183716	11.70654249	4.073361278	0.311068393	268.2228851	2.199009776	18.21120358	10.63421249	356.4495087	97.88228226	37.43626785	0
