ID	CD45	EpCAM	casp3	CD45RA	CD69	PgR	CD56	TCRab	HER2	CD25	CD44	PanKer	TCRgd	pSTAT1	TIGIT	CD27	VIM	Ecad	PDL12	CD28	KI67	FoxP3	ER	CD45RO	CD19	CD24	CD38	CD8	EGFR	CD3	CD20	pS6	HLADR	CD4	PD1	Hist1763	CD16
pas1	173.733902	0	2.95609045	193.0440826	18.56049728	2.459936857	0.300447315	0	0	0.344447523	72.15520477	0	0	2.624859095	0	0.112025172	5.29422617	0.393040985	6.3799119	0.318524182	0	0	3.328878403	1.629373431	203.0601196	5.190856934	4.062525272	0	0	0.673212886	24.34210777	12.05002975	122.5052109	5.454305172	0	55.60718155	0.265873998
pas2	169.8383713	0.378971308	3.065405488	215.5736237	25.22380924	2.796990037	0.561830074	0	0	0	77.79304886	0	0	2.454755664	0	0	12.13921785	0	6.994748354	0	0	0	4.831869602	0.93130818	174.1620636	4.792416334	4.179785252	0	1.157275558	0.120850794	22.52841187	31.85550117	137.4388657	6.061996698	0	55.62611961	2.18731904
pas3	163.61586	0.789503515	2.736293316	206.4076996	20.99971581	0.993949652	0.20972918	0	0.523507476	0.368135601	50.60706329	0	0	2.302057266	0	0	1.989897013	0	6.035520077	0.313404858	0	0	0.57207197	2.728386879	112.5716019	5.561476707	7.778315544	0	0	0.290549338	42.07727432	27.19433594	267.5530396	11.45283318	0	21.19586372	0
pas4	128.2943726	0	1.978101611	164.9594574	13.00589514	1.646511912	0	0	0	0	51.05405807	0	0	2.849837661	0	0	2.154199958	0	4.987448931	0.529609054	0	0	3.030950546	4.009523392	142.232132	3.668469667	8.380549431	0	0.47109215	0.590525866	32.05264664	17.18336582	105.7949066	5.77137661	0	54.32720947	0
pas5	108.2401657	0	1.57765466	92.20663452	13.17734718	1.207853436	0	0	0	0	27.4397049	0	0	2.802508235	0	2.024834633	3.383179545	0	2.473651409	1.201762259	0	0.832924157	4.571115732	5.040292501	132.8542862	5.005690575	5.029314756	0.740227968	0.191567764	4.238052368	36.7783165	24.73458862	91.71034241	5.757411242	0	28.72092819	0.160996638
pas6	189.4708862	0.047972299	1.380286098	85.998909	11.40135479	1.95041275	0	0	0	0	82.95288086	0	0	2.942352295	0	0	8.520223618	0	2.535140038	0	0	0.150422379	5.599918842	1.865941286	188.8644104	4.76529789	5.407315254	0	1.599727631	0	37.86483765	29.94621849	258.4179688	10.56251049	0	47.71175385	1.32418704
pas7	158.7494049	0	2.782445431	178.6700745	10.38790417	1.730885744	0	0	0	1.862321138	60.96953201	0	0	1.975190759	0	1.223539233	4.241692543	0	5.893903255	0.196925491	0	0	3.221440315	2.8539958	150.3899536	8.142305374	3.544392824	0	0.209704503	0.836550534	26.29429245	24.85929489	56.3260498	4.265136719	0	22.83694839	0
pas8	137.144577	0	0.747701943	160.224884	14.16156864	0	0	0	0	0	90.84827423	0	0	0	0	0	3.938700676	0	4.609005451	0	0	0	0	0	165.3348999	3.957221508	1.196916938	0	0	0	16.75993156	11.69668579	150.2489624	6.138406277	0	10.96373463	0
pas9	189.9906006	2.432205915	2.40994215	277.3503113	15.53163815	0.319584638	0	0	0	0	116.2139435	0	0	0.472943336	0	0	8.291295052	0.006119403	10.5790844	0	0	0	0	0	107.1015472	8.178839684	11.14304638	0	0	0	34.35922623	12.63056278	159.6264801	7.045046806	0	42.72992706	0
pas10	138.5868149	0	2.463698626	245.644455	7.107272148	1.208672464	0	0	0	0	71.02215195	0.189216964	0	1.596891403	0	0	7.42589426	0	9.679415703	0	0	0.464616776	0.681955725	0.516126364	98.53276825	4.588259697	5.850802183	0	0.749596447	0.049461288	28.9935236	25.62297726	132.3167114	7.126639366	0	35.2061615	0
pas11	146.4350739	0	4.245505333	345.0617676	11.30781555	2.953603506	0.569684207	0	0.113403589	0.461126059	56.46090317	0.487244725	0	3.885192394	0	0.362492025	4.559431553	0.007664866	10.98732662	0.281548262	0	1.464186072	3.296121359	1.462846518	138.9625854	4.011800289	4.60248661	0.026838819	2.119852781	0.517984867	23.58961105	16.69190788	148.6607056	6.657684326	0	42.93100739	0
pas12	80.52418518	0	7.48776865	105.7132645	8.852646828	5.589576721	0	0	1.789469004	0	23.88591003	12.63566685	0	11.61736298	0	0	7.208459377	3.066669226	4.303280354	0	10.12854767	33.76066208	9.440012932	3.16993618	30.15537453	5.038510799	3.585919857	0.206881717	12.26915264	2.269937754	16.40197563	267.0660095	119.0375748	13.11578083	17.20695305	139.4977417	4.675017834
pas13	140.1085205	1.558871031	4.004157066	214.8087463	18.92376328	2.305728912	0.747110009	0	0.291521013	0	45.14258957	1.014384031	0	2.36371994	0	0	9.676847458	0.438643008	6.265049934	0	0	0.148229003	4.868604183	0.112063996	68.78586578	3.086208105	6.572882175	0	1.536615014	0.012105	18.22285461	42.53926849	127.5998917	6.200374126	0	35.44042969	2.261921883
pas14	196.2861633	0	3.748244643	217.6738052	19.72631359	2.042609334	0.225011341	0	0	0.754835188	79.79253769	0	0	2.452502847	0	1.018173695	4.629362822	0.507634133	8.863998413	0	0	0.310201406	1.020248115	1.028880417	180.9045715	6.340032816	3.167955756	0	0	0.411967307	25.80821133	12.83069515	111.9671555	6.101556301	0	51.74762726	0.854600579
pas15	181.3494339	0	2.69991827	307.188858	11.54255104	0.318591237	0	0	0	0	120.6238632	0	0	0	0	0	8.036273003	0	10.30980635	0	0	0	0	2.086831212	86.67482758	6.982405424	4.81317234	0	0	0	32.01004601	8.392214298	109.3943596	4.945707321	0	28.41199398	0
pas16	194.535553	0	4.484789848	331.7770081	13.25636292	2.611411572	0.827686131	0	0.190438017	1.135354638	111.9917679	1.209464192	0	2.496693611	0	0	11.65054989	0	14.46092892	0.277102709	0	2.188925982	1.386711836	0.947051108	109.1788483	8.927680016	6.602384567	0.062930837	2.028066397	1.252281904	22.04070473	36.98571777	208.8191986	9.766210556	0.164790854	41.9067421	0.656312287
pas17	204.5025482	0	2.704180002	220.7068176	8.527003288	1.89984417	0.920968652	0	0	0	117.1959915	0	0	1.956021786	0	0	9.046422005	0	8.990228653	0.439368516	0	0	0.789203346	3.049714088	95.91963196	7.016126633	7.110443592	0	0	0	29.8043766	20.73751259	180.4407349	8.407356262	0	53.09762955	0.242438495
pas18	209.2889099	0	3.504788756	273.4529877	11.28390455	2.462125063	0.352735162	0	0	0.041781848	82.41479111	0	0	3.810668826	0	0	7.707103252	0.468779519	9.582705021	0.500003055	0	0.493110329	4.070509672	3.705271602	170.9364166	6.368474007	10.52894831	0	0	0.315368012	33.69478226	47.89326668	239.7456589	10.29331684	0	59.33821678	0
pas19	135.8683014	0	3.223963499	288.1005249	15.40543747	2.146120429	0.043732623	0	0	5.438998222	90.02182007	0.190883733	0	2.495202422	0	0	11.32792568	0	10.60907936	0	0	11.70692968	2.290898681	2.184565902	99.41726685	13.26374245	2.154630303	0	0.527979612	0.457390577	15.65287781	31.21215057	143.328125	8.512014866	0.288070008	30.28611851	0
pas20	179.6394882	0	2.65231657	202.1259995	10.62218904	2.064287305	0.150164083	0	0	0	50.17153549	0	0	2.918839335	0	0	5.895278692	0	6.797864914	0	0	0.51394394	3.073621035	1.354448557	81.74666595	5.988852262	7.545218945	0	1.354682922	0.37747477	39.74612236	21.71573639	240.0653076	10.34626675	0	63.86188698	2.350795507
pas21	214.6569977	0	3.44792223	253.6041107	10.68168545	2.602729082	0.514483929	0	0	0	88.68419647	0	0	4.638391495	0	0.071858138	8.844713211	0.674542725	9.271274567	1.19644165	0	0.265445948	2.653330326	6.48742342	105.7754974	7.143589497	10.4897747	0.285960495	0	0.286210477	21.99435997	21.69005203	235.1394806	11.6413393	0.031727593	84.90546417	0.250460446
pas22	239.0895004	0	3.508699059	284.1184235	10.6078949	1.92000699	1.036387563	0	0.110601746	0	115.2337723	0	0	1.68381691	0	0	8.814826488	0	10.47732449	0.50772354	0	0	0.492493629	2.153323293	132.3053818	7.804815292	10.78386641	0	0	0.33726944	47.20333099	20.38189411	171.7758484	8.221117973	0	69.62424469	0.291986585
pas23	205.7391663	0	4.007441044	300.3277893	10.67289829	2.695008993	0.53720361	0	0	0.261313647	74.10414886	0	0	4.171921253	0	0	11.68075562	0.286056578	10.30445862	0.50508672	0	4.825907707	2.703997374	2.000002861	142.6308899	4.776032448	7.453276634	0	0	0.882330477	26.57330704	52.71153641	244.2211151	11.94208431	0.113258883	92.51182556	0.387031645
pas24	153.5694885	0.766768098	3.547105789	278.8698425	12.08905411	2.173257828	0.532854378	0	0	1.532186389	71.75963593	0	0	1.802991509	0	1.582756877	8.602879524	0	10.92636681	0	0	0	3.49928546	1.238154888	104.9632416	7.575042248	5.697301388	0	1.294464469	0.177177459	25.98728371	47.71022415	73.64555359	5.101561069	0	37.61069489	0.419163018
pas25	163.6837158	0	1.902175903	216.648468	9.394791603	1.438176632	0	0	0	0	39.08391571	0	0	1.949443698	0	0	3.576912642	0	6.8389678	0.037398811	0	0	1.416175723	1.80802691	91.06948853	5.044482708	6.508764744	0	1.142846942	0.33810243	31.5757618	20.72369766	175.3332062	8.58544445	0	47.20768356	1.917423487
pas26	246.0658112	0	3.448437691	339.7255249	15.85329247	1.887003779	0.818935752	0	0	0	152.3424225	0	0	1.496632814	0	0	11.47966385	0	12.32744026	0	0	0	0	1.224256992	92.1982193	8.244992256	8.172439575	0	0	0	31.14250755	17.47379303	215.4484711	8.631072044	0	47.14467621	0.575940549
pas27	94.76690292	0.860996008	1.74952352	102.3734741	6.938946009	1.079330504	0.359424502	0.021674001	1.770477951	0.61728251	46.58322716	0.511625022	0	1.139665961	0	1.422933519	3.78353548	0.330395997	4.096741438	1.072871506	0	1.643508017	0.760639489	3.764842987	49.05437469	5.850886106	4.364667416	1.312106013	0.446897998	0.556431979	20.54400349	12.16094446	91.32550812	5.665739059	0.035742499	31.65449715	0.035156
pas28	167.1692352	0	2.797417164	182.5547333	7.824818611	3.023100615	0.121123299	0	0	0	64.66121674	0.397457033	0	4.391154289	0	0	15.07836151	0.184872612	6.158615589	0	0	14.71517754	2.53950119	0	102.3702316	6.052012444	5.836319923	0	4.405797482	0.346957356	38.46432114	99.00655365	121.7139587	9.817070961	68.87454224	120.8321075	3.607218266
pas29	146.7978363	0	1.894950032	167.787674	8.929683685	1.586582303	0	0	0	0	40.82819366	0	0	3.633074522	0	0	5.522563934	0	5.9377985	0.340979606	0	0.041910224	3.043486595	2.190703392	80.74144745	3.939661026	6.497841835	0	0.848094881	0.608522356	19.94828033	25.39588547	184.9528046	8.75269413	0	36.79454041	0.701274276
pas30	141.9560852	0	2.956662655	247.2962341	7.999808788	2.607777119	0.103136994	0	0	0.483396649	61.70778656	2.574710369	0	2.150094986	0	0	5.29033947	0	6.454402924	0	0	0.252195925	2.990812778	0.418023884	100.1860275	5.284022331	6.029063225	0	0.794319928	0.202771485	31.9452076	16.71345711	218.6544037	8.170040131	0	36.4718895	0
pas31	135.2213593	0	3.073683977	228.7346649	12.3258028	3.663159847	0.164720818	0	0	0	58.11348534	0.680625618	0	4.098742723	0	0	13.43380594	0.668868184	8.1386199	0	0	12.61979246	2.586424947	0.038058382	84.17904282	6.395219803	5.401479483	0	1.170624793	0.724126369	24.29125214	68.31187439	167.3272934	12.01553011	32.14135933	104.5550842	2.393597603
pas32	170.7693787	0	3.223889589	264.3380127	13.03395653	4.421136856	0.418273002	0	0	1.177816629	59.65432739	0.206485018	0	4.220005989	0	0.101500884	20.02744865	0.622475326	9.052242279	0	0	12.313941	2.58146739	0	83.69782257	10.07467842	4.532359123	0	0	0.176839545	45.49361801	72.1827774	89.35549927	9.764924049	47.08966827	164.0184784	1.756856799
pas33	134.472641	0.088213548	3.375500441	254.4308472	10.84426785	2.223291159	0.420685589	0	0	0.097886167	61.31720352	0	0	2.188618898	0	0	6.139360905	0	9.181307793	0.259820074	0	0	4.471541882	3.787073135	79.52220154	5.36577034	6.751003742	0	0.739201963	0.389314234	19.88178825	99.16564941	116.968071	7.116732597	0	45.78077698	0.075533614
pas34	190.0469208	0	4.080155849	270.1647034	15.547894	3.64004457	0.789619148	0	0.257490888	0.417475075	59.665802	5.095222235	0	6.616343737	0	0.965664417	7.062484026	0.717591941	16.62103748	0.453867838	1.095284104	2.860489011	4.693962336	0.926687747	110.640213	3.299836159	7.665148735	0.383463025	8.326346874	1.893027246	19.05134773	24.95387936	234.4730759	9.550972462	0.618170708	35.6382122	1.317853928
pas35	176.1626434	0	0.962289184	192.53479	11.01275015	0.281812236	0	0	0	0	93.31455612	0	0	0	0	0	10.75180197	0	6.35151577	0	0	0	0	1.538940251	92.21450806	7.856727839	5.115134001	0	0	0	44.26814651	17.11424446	184.1924591	7.949357986	0	29.62460232	0
pas50	298.5185852	1.025838256	4.376897335	88.92512512	11.10881996	0.100383051	1.176871538	0	0.774296701	1.052214146	56.69711685	0	0	3.493024111	0	1.936950445	30.42228508	1.1142838	3.620569468	0.646637201	0	0.382369518	3.214868546	1.703581929	91.91685486	7.633037567	7.836146355	0	1.130770206	0	0	11.3829937	214.6847534	9.346617699	0.313213855	81.97650146	0
pas51	312.8881989	0.412645161	2.052419066	53.79546738	3.586748362	0	0.714863449	0	0.945612937	0.609105706	70.29339218	0	0	3.523974538	0	1.022188365	45.68663979	1.194189906	2.16224432	0.507102102	0	0.515364081	1.727682889	2.145479918	129.4413986	8.956442833	10.0698781	0.298625916	1.264178395	0.263291121	0.352099761	9.563639641	216.6741638	10.06115484	0.844771326	60.4900589	0
pas36	178.9572296	0	3.287930131	230.2654266	8.180683136	2.821933031	0	0	0	0.796979696	56.97206306	0	0	3.798476934	0	1.253479779	6.682085514	0.157709844	7.688358545	0.064164568	0	0.406934723	3.138446927	0.93952474	80.89961624	5.682369232	5.788600683	0	0	1.890960336	25.78584862	98.91831207	95.60667038	7.242504358	0	47.35120964	0.137067489
pas37	141.3490524	0	2.830171824	197.2780533	10.40473795	2.129538536	0.274175882	0	0	0.325276107	72.70710754	0	0	2.525880694	0	0.461989596	10.93547297	0	6.744621515	0	0	0	3.85497117	1.921514809	86.36192322	6.322689772	5.106691122	0	0.699446708	0.285180584	37.85772133	31.48419952	88.19085312	5.884041786	0	59.44125748	0.434018761
pas52	160.5532684	3.273679256	7.036375046	50.33629227	9.910380363	0.204670012	2.486690283	0	1.912738323	0.704752445	49.20458984	0	0.168842599	3.524152994	0.084684551	3.432395697	31.78593636	2.214912653	3.831439734	1.23993063	0	0.425936013	2.593522787	2.119362593	56.53983688	5.712247849	2.733582497	0	0.861461878	0	0	8.35887146	195.4896545	8.841683388	1.105311751	69.30778503	0
pas38	263.2966461	4.16972065	4.851294756	352.8544617	13.77522993	2.778689623	1.79770726	0	0	0.114907596	131.8085403	0	0	2.305224419	0	0.477798477	3.75935173	0	12.57965231	1.046678483	0	0.054772459	3.410337329	7.884860277	149.747345	9.948282719	11.75703192	0.116617706	0.759946346	1.70744431	42.58642578	51.92321587	245.4226074	11.8490777	0	45.12194824	0.653474867
pas39	169.1027451	0	1.875249028	226.2523041	8.066404343	1.056982338	0	0	0	0	76.86120605	0	0	0.698007226	0	0	10.04811192	0	8.794933319	0.004387365	0	0	0	3.15813446	91.37699127	8.469744682	6.355824709	0	0	0	30.99953079	15.17156792	103.7589493	6.719324589	0	71.86979294	0
pas40	171.9382248	2.589672923	2.015263319	166.2140808	7.333420515	1.245073199	0	0	0	0	50.60682869	0.582252711	0	3.264328837	0	0	12.35893011	0.057064312	5.270098925	0	0	0.024320513	2.581747293	0	96.85686493	5.195636272	9.398481846	0	0.375122175	0.042102117	46.87792778	37.80314827	243.9450302	10.25700617	0	34.86036682	3.705698848
pas41	248.4065247	0	3.146287084	270.7236176	10.50885868	1.943110168	1.081702828	0	0.066703757	0	129.7615356	0	0	1.224109948	0	0.262404099	18.7906456	0	9.436208248	0	0	0	0	0.769486725	155.2916641	10.79276133	7.580212831	0	0	0.256366655	71.36982346	21.48026562	199.9393616	9.314350128	0	68.43239594	1.163947284
pas42	121.6657982	0	1.774465024	272.7626038	9.128828049	0.585742384	0	0	0	0.084152523	66.01324463	0	0	0	0	0	7.967607498	0	9.809844017	0	0	0	0	3.689240932	79.98070908	6.559081316	0.377951264	0	0	0	24.75806713	18.72072887	57.19625854	4.868327141	0	47.88127899	0
pas43	247.003006	0	2.575330973	164.3443909	7.755010605	2.222900867	0.720945179	0	0.275440514	0	145.1270447	0	0	1.797511816	0	0	17.72762108	0	7.533215523	0	8.534350395	0.854966104	0.555554152	0.748654604	101.1641312	6.089221478	6.94722414	0	0.151076153	0	46.10012436	18.26831436	241.314209	9.656142235	0	39.7924614	2.032823801
pas44	136.3726654	0	2.055326939	260.2864685	9.859911919	1.155222893	0	0	0	0	68.99899292	0	0	0.939620674	0	0	10.24598408	0	9.038591385	0	0	0	0	0.156109542	99.34381104	5.36369133	0.670338809	0	0	0	22.46356201	8.506662369	44.60791779	3.050455093	0	49.89292908	0
pas45	100.1787453	0	4.251239061	286.4493713	16.82746124	1.23021692	0	0	0	0	98.51588821	0	0	0	0	0	10.35955811	0	9.500598431	0	0	0	0	0	91.300457	4.730276346	0	0	0	0	10.73299885	11.20585775	121.8751068	5.567058563	0	39.06928253	0
pas46	189.8601074	2.573893547	3.832873583	305.5201111	17.98747063	2.481247663	0.607091427	0	0	1.153672218	77.38767242	0.231018841	0	3.298891783	0	1.741150975	7.90683794	0	11.96810246	0.352757543	0	0	5.073467255	2.679378271	88.67360687	9.075912476	3.436397791	0	1.803352594	1.467611194	33.19421768	68.11125183	103.8979492	7.601850986	0	41.64356995	0.522888362
pas47	173.0744171	1.77410394	2.591483235	198.9963913	10.58633137	2.142192483	0.061583353	0	0	0	81.69081497	0	0	2.217507124	0	0	6.422290325	0	6.099208355	0	0	0	4.53093195	2.215078235	196.3949127	4.883959532	10.13491631	0	0.953195035	0.817212343	27.01958847	19.32263374	195.9833145	9.026996136	0	37.8574295	0.598018229
pas48	195.4000854	2.289594173	4.795023918	243.4217529	13.13774014	3.073138475	1.028876305	0	0.713759542	0.310432732	114.6542664	7.703494072	0	2.196466446	0	0.483900458	9.429613113	1.96023643	9.46654892	0.660315216	0.826586902	4.511683941	2.210202932	2.763615608	150.6612091	6.760138035	9.127381325	0.028232977	3.741187811	0.603326976	43.35080338	22.54542732	204.0455933	9.105412483	0.172346011	77.77850342	2.172831297
pas49	149.3134537	0	1.045453191	198.1109009	9.322846889	0	0	0	0	0	96.6123085	0	0	0	0	0	3.660459757	0	6.427842617	0	0	0	0	0.045389447	104.9112663	7.922323227	6.174821377	0	0	0	37.43789673	8.02973938	141.5723877	6.697276592	0	34.60542488	0
ctr10	274.9915771	3.752542973	8.060854912	331.5961914	21.88541985	3.017652273	1.25945282	0	5.062980175	3.398301363	84.72174072	2.68934536	0	3.012153625	0	0	3.614271402	1.972001553	12.79494858	0.901177287	0.527047336	3.221819162	1.273078799	1.53537643	142.104187	6.703318596	11.32810593	1.187490344	0.998175263	0	22.83232307	30.54730225	211.511795	8.094971657	0	41.73746872	0
ctr11	330.9019318	8.392127037	7.164171696	89.42525864	11.44066191	0.915296137	2.569135904	0	4.336419344	0.570260763	73.69882965	1.535588205	0.207101718	2.631814718	0.977963477	0.856295198	17.38229752	2.292135239	3.573660493	0.626841366	0	1.627003491	2.036719561	2.200495958	149.72715	6.693268061	10.09401703	0	0.841042697	0	0	7.773263693	247.8869781	8.210660934	0.609353006	26.27802467	0
ctr2	222.2046814	0.022916038	7.909754276	504.0619812	13.43386173	3.161339045	1.093322039	0	2.170916796	0.915537477	53.26601791	4.085027218	0	6.082790852	0	0.978549957	3.116580486	0.800462365	24.36609459	0.57115078	0.90807575	3.719294548	2.310086489	0.477477133	184.7493134	6.71206522	10.72196674	0.847071588	6.544066429	1.809224725	22.77255821	22.92744255	286.213562	10.28123474	0.808690548	22.80121231	1.310307026
ctr3	267.8175812	1.428671002	8.022799969	592.1763	16.68498325	2.84062469	1.590885162	0	1.213071585	1.832970858	98.42578125	2.104939699	0	2.949919224	0	0	2.436769009	0	26.23827267	0.770473123	0.480005264	1.966128051	0.608180225	1.180403054	201.6670074	9.328428745	12.14104748	0.938039362	3.234500885	1.938209951	24.26161194	19.08754063	624.2011414	20.02786922	1.184225619	13.87704468	0.34803471
ctr4	123.2998962	1.513101578	3.83599329	235.6451721	8.251292706	1.622517943	0	0	13.76146173	0	17.68996239	2.345002055	0	4.190934896	0	0.44028987	2.866542935	1.715448081	9.359445572	0	0.937097251	3.370506167	3.448346853	1.172255993	99.49462509	3.704080224	7.277935743	0	2.554236293	0.517206877	13.6042285	31.79866791	142.440033	5.919890642	0	24.62083912	0.936399847
ctr5new	212.4109573	2.252622128	6.286282301	381.5619354	22.23397827	2.204877496	0.690929353	0	4.296302795	3.249874353	71.14627457	1.798975706	0	3.686025858	0	0	3.681215882	1.968398869	14.17780352	0.738330632	0.688908905	4.844518185	2.936099648	1.085511804	160.0990677	6.35439229	10.30728674	1.819692373	0	0	17.67644024	37.57715225	215.3859482	8.397315025	0	30.29620266	0.265657812
ctr5old	198.750412	5.797861576	11.48995972	405.4937134	12.51753521	3.479987621	0	0	2.879994869	0.169785321	59.69958115	6.785501003	0.756782055	5.981618404	0	1.69044888	8.596856117	6.603145599	16.28166199	1.669727802	3.548020601	2.380105257	8.051765442	3.870820761	165.0124359	7.987690449	12.09657192	6.947092056	0	2.190572262	20.98847961	76.77570343	238.5110016	13.60812855	0.359617203	62.79265976	1.077441931
ctr6	181.3332062	0	2.556717157	307.6261597	21.12697601	0.523891747	0	0	0	2.355383873	59.47023773	0	0	0.902806282	0	0	1.83793509	0	8.388960838	0	0	0	0	0	137.4175568	3.806271553	9.588654518	0	0	0	23.52872086	11.00856781	328.9640503	13.03050518	0	27.32032776	0
ctr7	326.6095276	87.10351563	9.950873375	396.5121765	27.21528435	2.368900537	2.760925055	0	12.02218533	4.362204552	175.051178	9.42561245	0	0	0	1.836678863	8.767075539	6.286640644	21.03277016	0	3.518507957	10.71943092	8.330102921	4.362817287	197.3559265	10.2982378	16.87738037	6.330839634	11.13058376	3.934853077	27.199543	86.44495392	314.1930847	13.74828434	1.002988696	37.16705704	0.840861678
ctr8	274.9915771	3.752542973	8.060854912	331.5961914	21.88541985	3.017652273	1.25945282	0	5.062980175	3.398301363	84.72174072	2.68934536	0	3.012153625	0	0	3.614271402	1.972001553	12.79494858	0.901177287	0.527047336	3.221819162	1.273078799	1.53537643	142.104187	6.703318596	11.32810593	1.187490344	0.998175263	0	22.83232307	30.54730225	211.511795	8.094971657	0	41.73746872	0
ctr9	274.9915771	3.752542973	8.060854912	331.5961914	21.88541985	3.017652273	1.25945282	0	5.062980175	3.398301363	84.72174072	2.68934536	0	3.012153625	0	0	3.614271402	1.972001553	12.79494858	0.901177287	0.527047336	3.221819162	1.273078799	1.53537643	142.104187	6.703318596	11.32810593	1.187490344	0.998175263	0	22.83232307	30.54730225	211.511795	8.094971657	0	41.73746872	0
