ID	CD45	EpCAM	casp3	CD45RA	CD69	PgR	CD56	TCRab	HER2	CD25	CD44	PanKer	TCRgd	pSTAT1	TIGIT	CD27	VIM	Ecad	PDL12	CD28	KI67	FoxP3	ER	CD45RO	CD19	CD24	CD38	CD8	EGFR	CD3	CD20	pS6	HLADR	CD4	PD1	Hist1763	CD16
pas1	278.2899475	0	1.044933319	5.028150082	18.99371147	2.151959181	0	6.015838146	0	0	125.109993	0	0	2.132733345	6.259838104	46.72388077	13.53542233	0.72952956	0.394372255	14.53215408	0	0.939336717	4.047076225	124.2213745	2.599450111	4.026006222	2.53753686	149.8145294	0	133.1170349	1.769844294	3.784687996	2.633186817	0.546235561	5.257118702	31.18976593	0.345361084
pas2	255.9342804	0.736078918	1.062596083	4.546748877	12.09775305	1.975681961	0	4.442258358	0	0	110.7863655	0	0	1.256023824	3.724704623	28.89369011	24.72303104	0.190897673	0.578468978	14.80885077	0	0.866897374	5.049152374	77.08858871	0	3.671447635	1.190450072	102.9316406	1.765176892	131.3509369	1.306276619	6.509375095	1.224324882	0.613768816	3.658207655	28.86233616	1.665550411
pas3	231.3525925	0.326411128	2.414091587	5.102484226	27.86326408	0.371520519	0	2.911471367	0.297474325	0	84.78629684	0	0	1.23218435	15.97669172	51.45350456	3.510241389	0	1.495030224	24.52855301	0.038421292	1.32651186	3.555088043	136.218277	3.084310293	3.995255947	7.509882212	137.3337021	1.016925931	123.6339035	2.662904978	4.908377886	7.695712328	1.429701269	17.60743046	8.829304695	0
pas4	184.5291138	0	0.462824702	7.412425041	21.01263237	1.108440757	0	4.028312922	0	0	91.22096252	0	0	0.949224472	4.454798937	37.06654167	3.175496817	0	0.333380371	26.04525185	0	0.680902153	3.514265537	94.84156418	1.063147306	2.696617723	1.190975189	146.7469711	0.973170459	88.41371536	1.615975976	3.455403924	2.435395718	1.137853384	1.46410501	16.38363934	0.032063488
pas5	163.0581055	0	0.529724777	9.084075928	19.20669174	0.932266235	0	5.703016281	0	0	46.97552109	0	0	1.993815541	3.331653595	30.12166595	4.847782135	0.18889147	0.434563428	22.04180527	0	1.344165206	2.61982131	48.36313629	2.811200857	1.56421721	2.117667437	156.4948425	0.868272483	91.76384735	3.050626755	6.658794403	3.21611619	2.06896162	2.441086531	19.86198235	0.236110285
pas6	308.2621765	0	0.681131482	1.905175447	14.67715454	1.354302585	0	4.452452898	0	0	142.0260696	0	0	1.442055881	2.670415759	20.00816822	12.80684757	0	0	21.35647678	0	1.046928227	7.10309577	78.6758194	0.373817936	3.990831137	1.085790932	167.805275	2.563521147	147.8836212	1.269319415	7.983181	2.801280141	0.396457419	3.100977778	22.45278454	1.695569932
pas7	258.4393311	0	1.022255182	5.472519398	11.91873455	0.857350826	0	3.479333639	0	0	123.4752502	0	0	0.764490128	5.490180016	52.67627335	3.429129362	0	1.294892192	28.7504425	0	0.646375537	4.494886398	108.2472305	1.936844349	3.901793003	2.464125395	168.8775635	0.831237853	98.48679352	2.326708317	6.209735394	4.098823547	2.248122931	6.701790333	9.188829422	0.083169386
pas8	200.5532379	0	0	2.874428511	16.66422844	0	0	2.082529068	0	0	129.4185486	0	0	0	4.499236584	0	4.868785858	0	0	11.88931084	0	0.303858042	0	69.51700592	1.58787179	3.795101404	2.162824869	127.0059738	0	87.48340607	1.402008295	0.967406511	2.094249964	0	3.260730505	7.359087467	0
pas9	330.127655	11.09832859	3.68315649	0	51.0023632	0	0	7.168298483	0	0	250.3917465	0	0	0.017329722	6.656702995	16.73526478	15.51337004	0.795285493	0.439400122	13.26215649	0.266968861	0	2.941116452	163.9960861	0	8.000945807	33.03333855	87.6905365	0	147.848465	0	3.095220685	10.53063154	0	38.91674232	24.3993063	0
pas10	191.1895905	0	0	5.339316368	9.11427784	0.070707582	0	2.044988871	0	0	138.8704224	0	0	1.586218596	4.992200375	0	7.958923817	0	0.957711816	20.24290466	0	2.330495119	3.308328152	92.95735931	0.750731111	3.818231821	2.645306587	130.0770111	1.705993176	84.26153564	0.853164792	5.969807625	5.174620152	1.326246738	11.26971436	16.45769119	0
pas11	185.4432831	0	0.948007464	3.985859632	3.865825653	1.977956533	0	4.036185265	0	0.791619301	97.81304932	1.083869219	0	2.584086895	3.982327223	69.05924988	12.01889515	1.254826546	2.941678047	21.13560867	0.168445721	2.025148869	2.757166862	87.03395081	0.2965509	3.461611986	1.05018723	121.0928955	2.336880684	83.95996857	1.026141286	3.176625729	1.614188194	1.873723745	2.625675917	25.11258316	0
pas12	125.4167557	0.97948736	13.91742897	0.179142505	30.98791313	5.764642715	0	9.602708817	2.124371052	0	37.87408447	13.01684666	0	10.59399509	1.991425633	1.974904656	16.02234459	3.711879492	1.849064946	6.847576141	13.07188416	35.84621048	9.144499779	83.16088867	0.637063801	5.400336742	14.9048996	85.39324188	12.68809509	76.62425232	3.966343164	200.9865265	24.21717072	7.761862278	54.36920929	133.2823181	4.696225166
pas13	161.9795837	1.469853997	1.579952955	2.060595036	20.97508621	1.581073046	0.351532996	2.534487009	0	0	93.0004425	0.212337002	0	1.178171039	2.012233973	18.83729553	15.43570423	0.212364003	0.581559002	6.27880621	0	0.673465014	4.253029823	46.1487999	0	3.049926043	3.491081953	96.94715881	1.390602946	75.07430267	0.35404101	6.544698238	2.148864031	0.627421975	2.792135954	17.21288109	2.171053886
pas14	335.3106079	0.873861074	2.299420118	2.551846743	37.73813057	2.156971931	0.474125922	5.832039833	0.076136515	0	211.011467	0	0	2.820991278	4.978513718	28.74001884	22.62107277	1.191215575	1.437347949	15.18245649	0.237798482	3.926644325	3.314417601	122.8549767	0	8.552405357	6.141335487	238.0893555	0.114874747	151.4225616	1.484567523	7.993745804	8.204878807	1.467807949	3.53040266	27.6169548	1.419108331
pas15	241.0594482	0	0	5.851913452	12.50308132	0	0	3.976584673	0	0	219.6246185	0	0	0	2.014214277	48.26937485	12.28388119	0	0	30.10710335	0	0	1.224091768	103.402626	0	5.964082718	2.840228319	104.5505829	0	99.41439056	0.280929148	0.616138279	2.361406088	1.130635262	2.937748671	21.83398819	0
pas16	241.7913971	0	0.952931076	3.281048179	7.486695528	0.787095606	0	4.127194643	0.003619923	0.606864154	167.5262604	1.879520297	0	1.949459791	7.109858274	0	9.596822262	0	2.169924378	18.37312126	0.125326	1.516608298	4.356612206	152.2999115	0.068361718	4.636402369	2.465243697	141.2545624	2.086761355	92.3841095	1.378696084	8.891256332	4.622996569	2.392797112	6.949159145	12.67119932	0.599422812
pas17	292.1476135	0	1.008430362	7.399514198	8.373368263	1.181061625	0.416209131	7.012726307	0	0.538096547	186.5789642	0	0	1.142004132	2.772284746	62.85116577	9.845230103	0	1.463034391	23.11803246	0	0.260315418	1.602718115	68.95552063	0	6.25658989	2.397830248	110.8910217	0.345211238	114.1220932	1.432226777	2.797957182	2.887369633	1.649873376	1.808701992	21.865839	0.058846183
pas18	318.1615295	0.324162856	1.138482869	7.167764664	14.38359928	1.728791893	0	7.537091017	0	1.000942647	145.9408951	0.270235375	0	3.235606074	4.523820639	88.60896301	11.25115395	0.925098091	1.442841351	34.58375931	0.30528447	2.250675559	4.265114784	145.9116516	2.665156364	5.203330278	4.576288223	243.9438171	0.234727703	150.6871185	3.371426702	13.09020948	9.614308834	3.622417092	7.500787973	32.31607628	0
pas19	164.8377914	0	0	3.596582532	5.833024263	0.033193378	0	3.002859712	0	0	120.0772896	0.257429734	0	1.873482704	5.703157902	0	9.641410351	0	1.076823831	18.75957203	0.094445821	14.42867041	3.613306284	98.15111542	0.991067082	3.55003047	1.773400843	141.5412445	2.046052217	76.05505753	1.039493859	3.870553851	5.909990072	1.663851082	4.830939054	14.2823925	0
pas20	246.0533905	0	1.233134747	5.280819416	10.3021946	1.617386937	0	5.830258846	0	0	85.4857254	0	0	3.174720526	5.854270458	104.4967804	15.8431673	0.37301302	1.290702224	21.78547859	0.470266998	1.968724251	3.385959625	116.1858215	0.356926978	2.784953833	4.736351967	114.1891708	2.21879077	114.8933182	2.360890865	5.033549309	2.971534967	1.702660441	5.090168476	51.65815353	2.638602972
pas21	357.8213654	0	1.257021964	8.488934517	13.67287683	1.835961819	0.11388243	6.699276209	0	1.060844481	171.1477127	0	0	3.150205135	8.342772484	117.0890121	14.81764555	1.009509683	1.732089221	38.9203949	0.621796578	2.38172245	5.659647226	215.7149124	1.18578881	5.714714766	5.052794933	284.2289734	0.496548861	154.7827301	2.655925989	4.457206249	5.543287992	3.871269703	10.19463778	40.22290993	0.071687173
pas22	334.3964386	0	1.515613556	7.024048805	11.3159852	1.371738732	0.60820201	8.478729725	0.804576874	0	208.1288147	0	0	0.896957099	4.81006217	67.43734741	13.87934923	0.486576617	1.228674829	25.22281551	0	0.992340982	3.311308861	137.254425	0.59235248	6.715156555	3.014085293	139.9894562	0.415744141	125.8342857	2.259933949	4.916184187	3.073550701	1.606461287	3.691548586	27.22237682	0
pas23	306.4140625	0	1.345888972	7.253174782	29.08335876	1.66281426	0	6.374741077	0	0	136.2763977	0	0	2.84988904	8.76415062	95.02628326	14.30831432	0.667322397	0.934525907	26.4855442	0.493982315	6.458399296	5.091305733	169.1738892	1.020899415	4.378636837	3.690952063	187.6506348	0.075026914	133.9769897	2.591325998	16.5487175	5.374806404	3.021072626	12.64883423	38.25258255	0.334882587
pas24	189.4967957	1.230720282	0.702138066	9.961075306	9.560412407	0.907967061	0	2.36086154	0	0	104.3973694	0.105233658	0	1.394511521	4.89366436	78.52833176	6.662317514	0	1.98649478	14.68475866	0	0.462906107	4.454918861	70.08023453	1.615723073	3.336922526	3.173883915	151.5831223	2.899823785	95.64888763	2.112991214	10.49722672	3.367287278	1.885525048	11.68759346	14.37478733	0.402686253
pas25	297.6269073	0	0	6.659327984	9.238129616	1.277252138	0	5.894104719	0	0	81.90301132	0	0	2.03507328	2.153926134	61.82465363	14.43100786	0.041982302	0.912895471	26.48056793	0	0.972599924	2.510483146	90.15325928	0.441381335	2.732120395	2.934877872	193.6548767	2.571371913	127.0830574	2.27321434	4.793892384	6.995936155	3.23233223	5.37139678	40.95394135	2.379247665
pas26	335.3725281	0	0.97026819	6.502313137	9.35314846	0.771903515	0	5.699753284	0	0	253.6487885	0	0	0.230097935	7.11225462	95.33747864	17.37528992	0	0.723781466	28.14759827	0	0.489726603	3.148414373	164.1910248	0.822559297	7.742269039	3.546667099	164.1901855	0	121.2188339	2.937537909	2.123707294	2.534562349	0.687828541	10.37225342	19.72703171	0.42734766
pas27	154.7059097	1.657038033	0.820984989	4.471185923	5.504559517	0.691271007	0.118935	4.96993947	2.606081486	0.0662065	67.57352448	0.594168514	0	0.715126991	3.216553926	30.67699242	4.88809514	0.513497978	0.905741006	17.5904808	0.439721003	2.585870028	2.169298053	67.74472046	0.557705998	3.555523515	3.017181396	91.27931976	0.890352994	66.09350967	1.691299021	6.517398119	5.452781439	2.926713943	4.028188467	18.02450848	0
pas28	196.7166977	0	0.685357481	2.35593164	9.991298676	1.734566092	0	5.463737488	0	0	77.29920959	0.035934927	0	2.626910806	1.212924242	6.981364489	16.14436722	0.071311029	0.239141487	12.74642563	0	16.14465809	2.686013222	58.91959381	0	1.826730907	1.199528098	92.11709595	6.218228102	90.15211487	1.550392091	72.67169571	5.046391249	2.320291162	78.56878662	39.92832756	3.786228895
pas29	206.2567139	0	0.467814684	5.363691807	28.38137245	0.664114773	0	6.596739292	0	0	52.38452911	0	0	1.924836993	5.337764263	79.59088898	6.384504318	0	0.719541907	22.57710838	0.163802877	1.351346374	3.908957005	147.5778046	1.507029414	2.004314661	5.782581329	133.9171753	1.416024923	111.6001892	2.998376369	10.3952446	3.651080847	2.254206181	10.21653748	19.5154438	0.484772712
pas30	213.5266876	0	0.839502573	2.577809095	6.908699989	2.172889233	0	4.295145035	0	0	130.0793762	3.351717949	0	1.891825199	5.695312023	85.38830566	11.19178104	0.251744926	0.584254205	25.1360836	0	1.52810812	3.265752554	79.62283325	0.408145308	3.079699993	2.692606688	173.7358246	1.63867414	100.1973495	1.952963948	2.5624578	5.922728062	1.851391673	4.454535484	20.59493828	0
pas31	176.3433533	0	1.151853323	4.72770977	5.903207779	1.838457346	0	10.37773418	0	0	68.64022827	0.33085376	0	3.231976032	1.704385757	5.2254076	13.34938908	0.596729934	0.582860231	14.71170712	0.091159679	13.00822735	2.289986372	53.76790619	0.307256818	2.168287516	2.48342514	124.0949936	2.112909079	84.50661469	1.588218212	36.75510788	6.545220375	2.416359186	41.19645309	38.85503387	1.427594662
pas32	185.070015	0	0.585670263	3.294289589	7.906792641	2.229747534	0	10.74576712	0	0	65.62195587	0.075561058	0	2.589544296	1.903799951	5.514760017	22.43903542	0.572752118	0	15.31329155	0	12.99407959	2.751339793	82.08638763	0.530325383	1.851735175	1.613172412	141.856926	0.806546241	94.04469299	2.307480335	43.42843056	4.253534317	1.848222792	53.9481411	50.79406738	1.483478367
pas33	196.5278168	0	1.002645552	7.434919596	5.491688967	1.047253668	0	3.320820808	0	0	95.00437546	0	0	1.062261224	4.762474537	57.78482819	8.054731846	0	1.566754758	17.16898823	0	1.027387679	5.135527134	103.8334236	0.409082517	2.855944753	3.615800977	105.4573669	1.271305323	88.20118332	1.409631968	11.24477434	3.516589403	2.287501574	3.231314778	19.56056499	0
pas34	259.0740204	0.336125806	2.497075558	3.818204761	17.58056736	3.557308793	0.444810867	4.017086983	0.154939838	0.425208837	124.5622177	7.984713316	0	6.85668993	7.724214554	56.92574692	18.03009796	1.171997488	13.08146524	19.17644119	2.224673033	4.815637112	4.191067219	69.47690201	1.166474104	4.194615841	4.567624569	111.9503555	11.80288649	105.9912033	2.299947739	5.304331303	4.772815704	2.572163343	9.60371685	23.59424496	2.286208749
pas35	242.9668884	0	1.144099355	2.189442992	20.35044384	0	0	4.461129189	0	0	180.430397	0	0	0	2.79793632	46.63502312	13.40213013	0	0	13.90955687	0	0	1.194378018	90.44913864	0	5.85294795	7.420656204	143.4945297	0	107.6839447	1.034470022	1.876627564	5.090953827	0.144772917	8.174748898	13.62790871	0.352228254
pas50	406.0839844	0	0.587386191	0.45340465	10.45491028	0	0.216275342	7.457488537	0.859709829	2.66660285	112.2166328	0	0	3.833138585	0.68701455	92.66399765	79.35881805	1.435161769	0.416449532	38.13163757	0.39752382	1.833393633	6.389564276	153.2169952	0.376799837	2.128184557	0.839879185	0	1.594004273	112.2698822	1.168111026	2.719644666	5.098940134	193.7498245	4.889179707	109.051506	0
pas51	450.368927	0.138327256	1.233950615	1.750819206	7.124432087	0	0.916473329	10.51788044	1.43331027	4.3244133	134.6868134	0.349436581	0.198769569	3.390779972	1.998130918	128.3227692	58.57905579	1.801140785	1.385814905	44.56700516	0.853980064	2.211987495	5.043860435	156.497757	1.550224304	3.306747913	2.179928541	0.836274862	1.467781544	157.2854309	2.174565554	3.18166995	9.989597321	204.2164307	6.398445129	53.46690369	0
pas36	201.2663116	0	1.488224268	7.102588177	10.24333954	1.834997296	0	6.442705154	0	0	93.2070694	0.199490637	0	2.74083066	4.7087183	73.5971756	5.499354839	0.213640869	0.863496363	21.65924644	0	1.148937941	2.365072727	72.10738373	0.957224011	2.880986929	2.159886599	138.0388336	0	111.3582382	2.339262724	22.9164772	3.747876406	2.274324417	3.918002367	18.37864304	0
pas37	233.9872818	0	0.592424512	5.056190729	9.849600315	1.028874636	0	3.340216637	0	0	111.3297234	0	0	0.991591126	4.611207485	56.04003334	6.255499363	0	0.857002348	21.19332314	0	0.882030308	5.267760754	115.8974609	0.763252735	3.516827226	2.797469974	152.3827972	1.117788434	94.38474655	2.231817842	6.434554577	3.042230248	1.749510586	10.47415352	18.55397987	0.269745171
pas52	462.0853882	0.539542258	2.202094793	1.893623471	22.69602108	0	1.545808494	10.50857449	1.497772276	3.791009665	196.2342758	0	0.216207951	2.571650267	3.368019819	133.1056137	71.91653442	1.469917238	1.069438934	49.08597755	0.55029732	2.100910902	4.879463434	186.8613358	0.672531217	4.147577286	2.611021757	0.350605607	0.992525578	186.3445282	2.056344748	1.712017059	11.86315536	229.5271301	9.916326523	84.98720932	0
pas38	327.1643066	4.304455757	1.761241198	13.32921696	8.423496246	0.991357148	0.619545639	5.276087284	0	0.285200059	167.4885406	0	0	0.859131575	4.688427925	82.43726349	3.732697964	0	2.967154264	24.54885674	0.075169027	1.26763308	5.156651497	126.721405	1.02981329	5.333813667	2.198329687	166.9960632	1.273856044	139.5133209	3.026272774	13.85890293	7.147847176	3.021107197	2.621670246	11.07361984	0.184410796
pas39	219.9541626	0	0.153245457	9.843092442	6.013391256	0	0	6.433031797	0	0	124.7328377	0	0	0	2.185534716	52.57189751	7.181960344	0	0.856258899	23.8536253	0	0	1.997374117	100.5240669	0	4.110509634	1.711175561	146.7771454	0.315075189	88.47071075	1.186222196	2.922323465	2.401432037	1.753456295	1.864479303	17.87812519	0
pas40	324.3823547	5.776880503	0.976060659	1.367297053	22.02485466	1.590361714	0.24369587	5.737076283	0	0	117.2341766	0.194159962	0	2.707591772	7.010386229	87.19176865	50.30018425	1.302463233	1.202275097	29.02780437	0.14652393	1.655188262	3.765742302	142.0314407	0	3.982990742	4.032850742	231.3916092	1.416377604	148.7718811	2.672552347	4.223974228	8.015170813	1.443374395	10.55832863	34.7177887	5.174392223
pas41	336.0537109	1.225543022	1.343511939	40.35707283	17.21884346	1.52389437	0.425761804	8.727349758	0.523359656	0	175.6324158	0	0	0.194569498	4.586010218	54.29238892	15.42722416	0.495412916	2.212888598	31.22788143	0.108804118	0.796292275	4.693855524	186.4164352	1.274661601	6.207212925	2.372355938	111.4156685	0.176581107	131.2652588	2.881453276	5.947571278	4.303113699	2.636962295	9.034404278	21.47577286	1.0481475
pas42	139.3678894	0	0	7.79691124	3.977207422	0	0	2.706714869	0	0.937040448	112.2432022	0	0	0	0	39.84809875	8.145050049	0	0	16.23804474	0	0	0.013973757	54.13950729	0	2.409198523	0	76.4728241	0	58.07217407	0	10.67889977	1.901715398	1.847366691	0	22.94999695	0
pas43	347.5296631	0	0.598092318	3.347759724	19.0898304	0.816398323	0.657398045	4.020805359	0.566691697	0	204.4241333	0	0	0.285625696	6.763198853	69.36295319	17.24263191	0.822723746	1.010729551	25.01217461	7.765155315	1.516617775	1.448214769	92.74123383	0	6.179711342	2.711874723	93.39271545	0.898246348	112.8226242	2.370246649	4.11863327	3.750656128	0.649394035	11.76944351	9.68002224	1.722173572
pas44	213.0635223	0	0.153006002	8.942896366	14.99902105	0.873468131	0	3.145304322	0	0	160.2132263	0	0	0.410391003	2.514481544	90.38636398	17.10835743	0	0.424988136	16.9796896	0	0	1.570450246	88.82295227	1.182964861	4.474221468	0.512474656	130.9551315	0.28085503	86.89788437	1.754817903	4.304700136	1.617577255	1.72549057	4.043722391	33.47110939	0
pas45	175.0409393	0	2.525538445	5.204011917	28.65698814	0	0	2.809221745	0	0	128.7487488	0	0	0	1.825497866	49.26776505	14.55525494	0	0	10.27881145	0	0	0.490353018	79.82115173	0	2.654981375	0	75.72704315	0	57.96214294	0.460320592	1.875384331	4.249646187	0	4.647987366	19.39735031	0.39172858
pas46	241.6264496	3.310214162	1.177015543	4.335328341	16.05016422	1.18633461	0	5.089112759	0	0	113.3889084	0.632815778	0	1.99547267	7.87436223	68.18575668	8.146000862	0	2.503831506	20.80946064	0.284098238	1.281160653	6.829994678	139.0798111	1.021057546	3.568376899	3.457614541	146.7901382	3.177577615	119.1274567	3.15091002	15.40099287	6.850675344	2.55649209	11.49985409	13.73723602	0.662053615
pas47	244.4111786	5.717478752	1.617615581	2.948596954	39.97518539	1.917309642	0	3.582087278	0	0	145.1006622	0	0	1.753883958	7.031867981	56.34647751	17.12413216	0.634207785	1.170507908	19.13333702	0	0.881762326	5.996633053	124.0614471	0.592196763	4.490389347	7.186137676	161.6741943	1.975550056	111.6543274	1.489326239	7.313046932	8.072097778	2.438383341	14.83381081	19.38920403	0.615850449
pas48	275.5302429	3.125029802	2.598185301	5.294817448	7.275865555	2.518914461	0.673073113	10.86057854	1.057622671	0.160790607	194.5790405	8.229988098	0	2.201015711	4.900915146	43.57921982	20.53852654	2.567213297	1.025506735	31.64112282	1.982444406	6.392275333	6.0885396	151.7809296	2.312751532	7.520542622	4.158527851	143.6104431	4.476597786	111.7124252	3.045725107	9.358821869	7.987234116	1.95339489	6.090224266	51.72847366	2.314523935
pas49	224.0172272	0	0	6.72720623	10.567626	0	0	8.755664825	0	0	187.2258911	0	0	0	4.44844532	67.88920593	21.32653618	0	0.307582825	38.40069962	0	0	2.216181993	105.0055466	0	5.621016502	1.906376243	170.7759247	0	100.3152466	1.250596881	0.97388953	1.585518122	1.233519435	5.227481365	37.21446609	0
ctr10	350.7861023	4.28625536	5.316339016	18.9918642	2.89580071	2.307345152	1.519593298	6.580174446	6.308178186	0	111.6578369	2.793627262	0	2.582911611	1.200026035	42.94454765	11.06560278	2.626871705	2.039202929	28.89021683	1.239739597	5.181193113	3.932684541	99.64959717	0	5.761765242	2.287804246	281.3010101	2.562143326	122.5121994	0.993596882	22.01564407	2.073088288	1.048463166	3.425876856	29.85053444	0.116725925
ctr11	506.5005493	4.182977676	3.085207701	1.456924677	3.696776628	0	1.420667648	9.215779305	4.903967381	7.46475172	173.2587891	0.891726255	0.521844566	8.449892044	1.631033659	168.8592072	67.28604889	2.508335114	1.903034091	66.35430908	1.477339983	3.827590227	7.170019627	182.6790924	0.697550654	4.11414814	1.13680625	0.34211275	1.499113679	153.2426605	1.523071527	1.72509253	1.428835988	317.2031555	6.377171993	40.30234146	0
ctr2	247.2069397	0.119186558	4.067892075	9.908744812	1.746080518	2.079690218	1.459611535	3.966593742	2.343072653	0	79.78338623	5.54554224	0	6.772850037	2.445044279	53.0078125	15.87649632	1.465438962	9.590940475	19.52639961	2.09006691	5.672559738	3.559713602	81.85379791	0.799109757	3.607354641	2.688070297	209.2527618	9.847003937	158.4425659	2.273204327	8.851272583	2.858240366	1.694731116	3.181402683	27.26937485	3.309988499
ctr3	278.3123169	1.823049068	2.719146132	11.44488192	2.021369457	0.999050379	2.189570069	5.723655939	1.615722716	0	122.1118851	3.043989301	0	3.50647676	2.879722476	0.703253865	7.291659117	0.520873308	7.116231203	17.58875942	1.68473804	4.263463974	4.413358927	126.3338089	0.642386228	5.357642174	3.255659938	274.7406921	6.171410322	156.2223206	1.276731014	4.618520737	4.422541618	1.15533334	3.164539933	14.2974906	2.742264271
ctr4	130.469162	1.850281715	3.284165382	8.426409721	1.629321337	1.284673572	0.446048409	2.650315523	15.3406744	0	23.03188705	2.369133711	0	3.230604887	0.253341436	28.69569206	14.47691059	2.412034988	0.874349892	10.10022545	1.612863064	4.698393822	4.120347023	60.63943481	0.362434894	1.231297374	1.570934892	123.8133316	3.816029549	91.96001434	0.894117534	25.91651154	2.199737787	0.852990687	0.009726624	39.43030167	1.835333824
ctr5new	268.7076263	2.518614292	2.915209651	19.1676693	1.90073818	1.130627155	0.216685623	4.25007987	5.458131552	0	93.83540726	2.464733958	0	3.143765092	0.449621812	52.76542854	14.76072073	2.240911365	2.157617688	25.71308327	1.471117437	6.751633167	4.215171099	84.08996201	0	4.760999203	2.358447671	333.2597198	0.659255028	128.8149261	1.451631606	25.78880596	2.25341785	0.956380963	3.483057499	31.92581558	0.386247516
ctr5old	233.4127808	6.433125496	9.738503933	14.26555109	1.83300674	2.75305748	0	4.829269648	4.059841633	0	87.92967987	7.582132101	1.07133621	6.102551222	1.79421699	43.73745346	15.00045013	7.784243107	3.424367785	12.5715251	4.707308531	4.701998711	9.340163708	86.1566124	0.859781295	5.363096237	3.007328153	209.8295517	0.170606047	146.6138458	2.320533037	66.1402626	3.850638866	5.449219704	1.884387016	66.33280182	2.626319289
ctr6	220.8787842	0	0	16.3567028	0.158584222	0	0	0.848612249	0	0	75.05485535	0	0	0.405361056	0	41.4820137	11.66907406	0	0	20.79397202	0	0.021746615	1.604344606	79.69564819	0	2.003254175	0.381222457	242.5320129	1.661217093	114.2167816	0.259281099	0.48550874	0	0	2.835899591	21.77888489	0
ctr7	434.3403931	101.0264816	7.562239647	23.29445648	7.309511185	1.43596518	3.740285158	4.729023457	15.13034248	0	238.8811493	11.61905098	0	0	1.911379933	60.34249878	22.87015152	7.719479561	11.57208729	31.99446487	5.360072136	14.20894051	13.44685841	129.6188354	0	9.099597931	2.601843596	400.0050354	15.15599823	175.6235657	0	73.51421356	12.61447525	4.667892933	7.339902878	39.2974205	1.248187423
ctr8	350.7861023	4.28625536	5.316339016	18.9918642	2.89580071	2.307345152	1.519593298	6.580174446	6.308178186	0	111.6578369	2.793627262	0	2.582911611	1.200026035	42.94454765	11.06560278	2.626871705	2.039202929	28.89021683	1.239739597	5.181193113	3.932684541	99.64959717	0	5.761765242	2.287804246	281.3010101	2.562143326	122.5121994	0.993596882	22.01564407	2.073088288	1.048463166	3.425876856	29.85053444	0.116725925
ctr9	350.7861023	4.28625536	5.316339016	18.9918642	2.89580071	2.307345152	1.519593298	6.580174446	6.308178186	0	111.6578369	2.793627262	0	2.582911611	1.200026035	42.94454765	11.06560278	2.626871705	2.039202929	28.89021683	1.239739597	5.181193113	3.932684541	99.64959717	0	5.761765242	2.287804246	281.3010101	2.562143326	122.5121994	0.993596882	22.01564407	2.073088288	1.048463166	3.425876856	29.85053444	0.116725925
