ID	CD45	EpCAM	casp3	CD45RA	CD69	PgR	CD56	TCRab	HER2	CD25	CD44	PanKer	TCRgd	pSTAT1	TIGIT	CD27	VIM	Ecad	PDL12	CD28	KI67	FoxP3	ER	CD45RO	CD19	CD24	CD38	CD8	EGFR	CD3	CD20	pS6	HLADR	CD4	PD1	Hist1763	CD16
pas1	212.1889191	0	2.314638853	110.6989288	6.999687195	1.90364337	0	5.923334122	0	0	68.84418488	0	0	2.454351902	0	73.78400421	19.38690186	1.108810782	3.972764492	13.71471786	0	0	0	2.182773352	1.154534698	2.676131487	3.566153765	165.7777557	0	180.9612427	1.769913316	4.209632397	0.705514014	0.056586809	0	19.06928444	0.106120601
pas2	226.8440399	0.737910092	2.507069826	109.4294815	8.43604517	2.507392287	0	5.361954451	0	0	70.02990341	0.25436084	0	1.55967021	0	44.83039093	25.74304771	0.926846385	3.421097517	12.7646513	0	0	2.337191701	1.522392571	0	2.263879776	2.724156499	109.9995728	1.62702167	180.8241577	0.952738374	14.02873611	1.090607047	0.367566392	0.067321789	23.20946693	1.47678405
pas3	161.5353699	0	3.19451189	212.6058197	24.77936745	1.069630623	0.474148542	2.746046782	0	0	63.90692139	0	0	1.091117382	3.944650412	63.52154922	3.196791649	0	6.864218235	11.86524773	0	0	0	2.863924503	1.102287769	2.650574446	2.94110465	131.7723236	0.328233093	118.0480042	2.257712603	8.101509094	3.131642342	0.469060034	1.872073412	9.935943604	0
pas4	145.0610809	0	2.564140081	205.0714874	10.6729784	1.588611603	0	4.54298687	0	0	57.63415909	0	0	1.265409112	0	61.72121048	4.158926487	0	6.368203163	16.88457108	0	0	0.437553138	3.109436512	0.238193423	1.626098275	2.629786491	148.6635132	0.99320668	94.47327423	1.041131496	7.477962017	0.993932664	0.8449108	0	20.11353493	0
pas5	129.5527496	0	0.861612141	78.55498505	8.624811172	0.967984319	0	6.211131573	0	0	28.95948792	0	0	1.413732767	0	43.06102371	4.675433159	0	2.6488657	14.86807156	0	0.509868205	1.177253962	3.399571419	2.077576876	1.033553958	2.902455091	153.6669312	1.155065417	111.1200104	2.335675001	5.704594612	1.981051564	1.362207413	0	19.34571838	0
pas6	265.6658325	0.172099218	0.471148938	47.86941147	11.0746212	1.219304919	0	6.555041313	0	0	96.89093018	0	0	1.409481287	0.063003018	25.07640076	10.90415859	0	1.254823208	15.01622486	0	0.137940809	4.415027142	2.017312765	0.323751539	3.057258844	1.862478852	181.4312897	1.443461299	180.4454041	1.238468409	8.842950821	1.514852285	0	0.385121226	25.26968002	1.655593157
pas7	184.8649292	0	3.210875511	276.9911804	9.493397713	1.585121989	0.007612908	4.362832546	0	0	64.17147827	0	0	0.542172313	0	78.51205444	4.123774052	0	9.492842674	15.12369728	0	0	1.141823769	2.008546352	0.155758113	1.804029465	4.596409321	161.9541016	0.978854299	117.5456467	1.093013167	8.219063759	1.027511358	0.823880434	0	10.00618076	0
pas8	175.3333206	0	0	102.5347481	5.482149601	0	0	1.353658974	0	0	71.57414246	0	0	0	0	0	4.308067083	0	2.48940587	8.064937115	0	0	0	0	0	1.538548648	2.130932689	152.7967148	1.195865214	104.1769524	0	2.935627341	0	0	0	8.343663692	0
pas9	224.9574661	3.876220822	1.9595595	179.3230515	37.44387627	0	0	3.796465755	0	0	191.5294342	0	0	0	0	21.16576099	24.63322353	1.419555724	6.21105814	5.025977373	0	0	0	1.283923388	0	4.381001711	1.193724275	75.48755646	0	123.7708664	0	6.071658611	0.142992258	0	0.411137357	31.04861069	0
pas10	136.7898026	0	3.15520525	295.5614929	14.44210529	1.021448612	0.150520798	2.101435244	0	0	105.0752869	0	0	1.404955804	1.676174164	0	8.850451469	0	9.691661358	17.25752735	0	0.733323932	0.158324115	1.312934577	0	3.248256445	3.989374518	140.6737061	1.186667562	99.92343903	0.313137203	11.41972256	2.943361282	0.911845505	1.753896892	18.13734627	0
pas11	136.9313278	0	4.770501852	498.6568756	11.41929531	2.761469126	0.73544082	6.518253803	0.231265515	0	54.20701218	1.137382329	0	2.696728945	0.094302122	101.8354416	9.718452454	0.55543527	13.89568806	16.01264954	0.054555269	0.74533838	0.020750271	2.1918782	0	1.171617508	2.822451115	129.5050125	1.656843841	111.6249733	1.565004408	4.007574916	0.276020586	1.476972699	0	32.75007057	0
pas12	83.56946182	0	7.516264915	153.270874	7.538319349	5.262998819	0	8.948056698	2.295948863	0	20.41610718	12.76757813	0	10.17925978	0	3.455305934	13.32749939	2.528681993	5.149296045	5.886550188	9.787256718	33.30958366	6.739541292	3.3265481	0	3.160194159	2.70118022	89.44226456	12.55599308	78.26813889	3.696979642	202.0362778	14.91499138	7.161379337	17.42630482	147.9732895	4.833775043
pas13	140.0730286	1.049854994	2.656904936	105.8391724	12.04598141	1.788442016	0.579892993	2.974450111	0.0048	0	67.369133	0.094865002	0	1.138196945	0.98446703	33.4036293	11.2548151	0.346403986	4.151251793	8.006341934	0	0.085470997	2.878614902	1.167454958	0	1.911301017	2.151501894	78.13550568	1.745893002	92.11154175	0.492695987	18.82967567	1.512446046	0.628084004	0.418554008	18.90950584	2.044487953
pas14	277.153595	0.042758446	4.970003843	183.8670578	23.41146088	2.384087086	3.221332669	6.209027529	0.522802487	0	202.5927353	0.783232361	0	1.442028701	1.508131981	12.87716055	20.24965477	0.416141033	5.56936574	4.965684891	0	2.480393648	0.011481728	1.92777276	0	7.346372366	3.580232263	230.2445221	0.267695196	172.899704	1.567456305	12.13255453	4.610955715	0.480992019	0.901894003	24.0036726	1.787569165
pas15	201.5840302	0	2.986789465	340.4400024	12.23480129	0.455375284	0	6.240113735	0	0	127.4765701	0	0	0	0	90.43691254	8.16530323	0	11.29671192	26.09112549	0	0	0	1.543760538	0	2.853039742	2.467230558	102.6033401	0	138.0959473	0.348304838	2.541497946	0	0	0	19.57631493	0
pas16	168.1548691	0	4.220599174	411.8886566	11.66979122	2.132541656	0.981917888	4.793493986	0.340999916	0	104.2846107	0.945018321	0	2.116058946	0	0	10.83832502	0	16.93654537	13.70439053	0	2.024464607	0	0.526368737	0	3.227186084	4.42276907	177.6350861	2.654328227	118.9171753	0.718517393	18.7200079	1.982466638	1.664811254	0	23.03050518	0
pas17	239.5777588	0	3.140752792	267.0621948	11.25922012	1.934190989	0.971399903	8.44562149	0.115843251	0	128.1608429	0	0	1.069738507	0	89.7177887	10.10708523	0.012700182	10.21707058	18.0723896	0	0	0	3.280003309	0	4.358700752	2.536795139	123.785759	0.459061295	136.4544983	1.694362044	6.186172009	1.379025936	1.453626275	0	30.92637062	0
pas18	226.3615875	0	4.07356596	331.864212	12.15026951	2.35394454	0.476918623	9.441655636	0	0	77.63257599	0	0	2.748049617	0	143.9360504	9.103012085	0.628494769	10.7931838	25.17004299	0	0.674572706	0.019670731	3.314936161	0.504870594	3.26099956	4.518155575	230.2642212	0.09672616	190.3991699	2.938485026	16.20556641	3.208651423	2.234347701	0.038059996	47.55549049	0
pas19	141.2296829	0	2.181175947	200.9227295	9.242247105	1.241786778	0	4.069984198	0	0	83.48021317	0	0	1.170286119	5.158527613	0	6.323815346	0	8.362933636	12.34766912	0.107267503	11.08989382	0.197497927	2.650233746	0.060420439	2.490930438	1.941116929	123.6802521	2.046280026	98.04655457	0	7.639268637	3.217594743	1.008800507	1.444054127	13.92254496	0
pas20	194.5312958	0	4.18490696	419.5555115	13.48217583	2.447239876	0.5949561	9.080099106	0.23706305	0	50.33715057	0	0	3.306161165	0	144.2817383	13.47699356	0.320324749	12.87417793	14.78122711	0	0.423078507	0	1.411451101	0	1.706732154	5.143616676	136.2319031	2.150769472	174.4165344	2.427523613	14.31623077	1.27116096	1.510971546	0	70.29425812	2.385936975
pas21	252.2300415	0	5.801557541	512.824707	16.63737297	3.220546007	1.122223377	8.604779243	0.338546932	0	89.76222992	0	0	2.950193882	0	162.1207886	15.39488316	0.927218914	16.02860451	26.4231205	0	0.273849696	0	6.319592476	0	3.409334421	5.30384779	273.4555359	0.31550619	185.9061737	2.737696886	5.376814842	1.535692334	2.945049286	0.064071439	76.63121033	0.098255165
pas22	243.5022354	0	4.912386417	489.3015137	13.65901184	2.120127201	1.390082657	9.316179752	0.436370566	0	117.2098083	0	0	0.483328149	0	111.2341232	13.77850676	0.446634129	15.68683338	19.88775539	0	0	0	1.872540295	0	3.914169431	4.884902954	147.5090256	0.289566815	162.2261734	1.853675604	5.494369745	0.653553993	1.313122332	0	49.8132	0.092286792
pas23	215.1195526	0	5.548570156	499.7079468	14.70332718	2.964833975	0.968274534	6.516412735	0.154586405	0	78.45439148	0	0	2.858602762	0	142.566452	17.45198059	0.636192262	15.41242123	20.50547218	0	4.524890423	0.232403517	1.752064347	0	2.670020819	4.350751877	194.642395	0	166.8970337	2.734323025	23.98720741	2.408822298	2.891278028	0	80.590271	0.204607636
pas24	136.4510193	0.914082408	3.478578568	378.536972	12.07742214	1.829719126	0.522556841	3.159502029	0	0	65.04443741	0	0	1.430883706	0	103.7123909	5.64333272	0	12.64885139	13.15974998	0	0	1.851893604	1.412281036	0.213555433	1.956001282	3.051999807	144.1841049	2.208112001	106.1812935	1.724523604	13.31499624	1.342453837	1.122036576	0.439040005	17.669981	0.260580376
pas25	201.2093964	0	2.564207554	289.5045166	12.26106834	1.885034561	0.118558735	7.162056923	0	0	48.43641663	0	0	1.808660388	0	100.3614578	10.25498295	0	9.48264122	18.69559669	0	0	0	2.213209152	0	1.53527236	4.222213268	180.2323456	2.337115049	151.7689667	1.984275103	9.435063362	1.775604486	1.633333087	0	50.04498672	2.126194715
pas26	231.5680084	0	3.868590593	420.2008057	12.24639225	1.61535275	0.594022989	7.105471849	0	0	119.235508	0	0	0.163418092	0	127.2984924	13.21782303	0	14.4596858	16.71475029	0	0	0	1.145332634	0	3.750193119	2.593838692	131.2082901	0	148.6964569	1.856196404	3.117547512	0.094937582	0.241725877	0	28.56811905	0.094939396
pas27	113.4290543	1.105003476	2.164566517	164.467247	6.54949522	1.079195499	0.399038002	5.997689009	1.956412554	0	46.24267387	0.4496025	0	0.776563495	0	50.98753929	4.946941614	0.52194351	5.978193521	13.09459543	0	1.636399031	0.0920805	3.279058099	0	2.442171931	2.555816889	102.7755051	0.915619522	83.20133972	1.467506468	6.456932068	2.452008486	1.873206973	0	24.99954414	0
pas28	151.7511826	0	3.360539198	276.3866577	9.660018444	2.545509219	0.270193085	7.828954935	0.036808471	0	40.90306091	0	0	2.810955048	0	9.727322578	14.51246023	0	8.572416782	9.44732523	0	15.88253736	0.12882866	0.156725481	0	0.866492599	1.442612112	91.48777008	5.517473698	128.7568436	1.728876233	75.60322189	4.329232454	1.966683269	69.82930756	54.88204002	3.195693493
pas29	122.4412766	0	3.563844085	404.5629883	11.79298019	1.674506128	0.322487637	6.288357973	0	0	34.24106026	0	0	2.108219981	0	96.63668442	6.122535706	0	12.44647264	15.44720745	0	0.002764364	0	1.395814657	0	1.047100186	4.281312227	135.910408	1.379468739	116.1618729	1.617010355	5.568347216	0.901089072	1.232929468	0	38.49857903	0.452053934
pas30	155.8601761	0	3.215113997	324.2504883	9.829871178	2.866814733	0.28800118	5.876651525	0.015715962	0	76.92605591	2.340568304	0	1.852323949	0	129.710228	10.76205587	0.364741862	7.92843008	19.29549503	0	0.391921878	0.517124891	0.566933393	0	2.033150315	2.767021179	189.6166382	1.712736249	135.1078873	1.380717874	7.579884768	1.545812547	1.08529371	0	32.54550743	0
pas31	131.6022797	0	2.185371876	179.2270203	6.842605114	2.154857397	0	12.61419106	0	0	43.15115356	0	0	2.266657829	0	5.67753315	11.84332275	0.254199117	6.403719425	11.29258442	0	10.18798733	0.259725034	0.67900157	0	0.638160706	2.270808697	119.8701019	1.75036037	103.2585297	1.428979397	31.9436264	3.805789948	1.643924236	32.90649414	42.2984314	1.011142612
pas32	139.1248474	0	1.808744311	153.393074	7.008270741	2.534580588	0	12.26734161	0	0	37.85517883	0	0	2.662564516	0	7.24624753	23.88203907	0.468079999	4.82260251	11.15789175	0	11.54499435	0	0.523711801	0	0.533727288	1.408837795	122.7985229	0.557954103	109.4288521	1.345264912	41.53816986	2.465801716	2.034663081	45.93717003	77.29827499	1.613117754
pas33	125.5886345	0.009505313	3.494920135	343.1998749	9.848569393	1.663809478	0.232580014	3.494011283	0	0	50.10454559	0	0	1.145273268	0	76.9381485	5.411864758	0	10.84956694	11.61173439	0	0	1.320196211	2.377448678	0	1.18056941	6.007304668	111.0398598	1.054172218	96.43626404	0.841145426	12.33219147	0.746470183	1.174686313	0	27.61741352	0
pas34	202.0647888	0	4.761835098	322.0607758	14.75039005	4.143509388	0.966725677	5.741249084	0.520159841	0	75.39720154	6.551038504	0	7.66160965	0.595112234	120.9788742	16.53965187	1.209735632	20.9222374	16.10145473	0.985407799	3.43354845	1.812937796	0.782522976	0.275952846	2.346566319	3.892218351	133.4640045	11.87660217	126.7772331	2.224841356	13.2675066	2.154070377	1.74609226	1.176389337	32.71107292	1.316683948
pas35	200.0087967	0	1.945043683	97.77771759	17.77164173	0.4988693	0	5.120284557	0	0	162.4348831	0	0	0	0	36.4210186	17.58119011	0	3.3368752	8.593456268	0	0	0	2.151206493	0	6.107992411	4.523053646	146.2050705	0	124.3022156	0.495393246	2.353078961	2.411792278	0	0.149789393	16.46429062	0
pas50	351.8125	0	2.424332857	201.4070129	7.738327026	0	0.302934587	6.694527149	0.520699322	0	71.4539032	0	0	2.937182903	0	150.6568909	57.61867523	1.294592857	4.752558708	19.29322433	0	0.219096825	1.836104512	1.645658135	0	1.682808995	3.146471739	310.877655	3.618465424	104.9345703	1.600188375	1.780558109	1.871034622	1.489481807	0	109.1072693	0
pas51	378.3615112	0	2.763763666	180.1154022	7.581034422	0.333274111	0.86961633	9.336606979	0.831795305	0	82.21209717	0	0	3.123045325	0.174018815	162.6086655	51.51799393	1.629983246	4.881389141	22.26580238	0.023854241	0.481440559	0.986621797	1.988259852	0.169751592	2.837401986	4.947133303	338.3899384	3.964841843	142.4488068	2.262580395	2.136208653	3.8011235	1.24685967	0.676067799	54.9857235	0
pas36	164.3018799	0	3.857333422	370.8384705	10.45034409	2.753869295	0.367503583	6.319067955	0	0	53.81881714	0	0	1.973773956	0	111.3077698	11.12590885	0.724239826	11.49064732	14.98762703	0	0.114867359	0	0.834803939	0	1.731750965	2.394966364	125.5278778	0	147.1469879	2.244403362	23.590868	1.998449206	1.896216273	0	20.56695747	0
pas37	181.0524673	0	3.666055083	337.1799469	10.93361235	2.022553325	0.45797278	4.958774805	0	0	60.5502224	0	0	0.987274259	0	78.2455864	10.83567667	0	10.44686508	13.67990398	0	0	1.721914828	1.663875878	0	1.807378352	4.56811595	160.5416718	1.139305472	129.6979675	1.471813977	10.20360041	0.939335316	1.198731422	0	38.12526512	0.319759145
pas52	406.7069855	0.450344548	5.676255226	440.1780548	18.21706963	0.63977775	1.942456126	8.4403162	0.983883351	0	122.8340225	0	0	2.145461559	0	180.1346283	64.25035477	1.197218776	10.03909492	28.46440601	0	0	0.459212944	1.364159107	0	2.991651773	5.126838923	353.4017944	3.346349478	170.0467834	1.988323271	1.92579788	5.352198839	0.845832437	1.241246164	86.35557556	0
pas38	238.8818054	3.856668949	5.400720119	436.5436707	15.90277576	2.154824018	1.520719171	6.476467133	0	0	100.0484314	0	0	1.041313887	0	124.9740219	3.139662981	0	14.57083797	15.4133358	0	0.202219918	0.600012004	5.960438728	0.378340155	3.616867304	5.004642487	173.7715912	1.170559406	169.2910614	2.806880713	21.91683769	4.344770432	1.924886465	0.054257728	12.26659966	0.066711761
pas39	176.3061066	0	2.396002769	307.1872711	9.002318859	0.793166518	0	8.542361259	0	0	68.6177063	0	0	0	0	89.19422531	10.75455713	0	10.48276424	15.24447441	0	0	0	2.32716012	0	2.069200635	2.63011682	151.2986755	0	117.9399261	0.953405708	4.288767099	0.115018085	0.94736442	0	29.49025154	0
pas40	259.1922302	4.354920387	4.604029655	161.0926437	15.28952026	1.710426867	1.290836155	5.690928459	0	0.144305937	82.13724899	0	0	2.309730172	0.654823601	100.3784142	42.94014359	0.600031838	5.511045694	23.31120682	0	1.171595752	0	0.854492426	0	2.472075582	4.482898474	221.5333405	1.266226351	161.046875	2.017061114	10.49920034	3.434394956	1.099300325	1.339918852	35.94271088	6.173795938
pas41	303.9776001	0.061293844	4.53068161	506.9806824	14.46772766	2.367596388	1.514298558	9.780226707	0.598583937	0	145.5661011	0	0	0.477571994	0	116.7420502	19.27182579	0.054244116	17.2034359	24.57694244	0	0	0	0.613357365	0	4.897870541	3.625971556	135.9975739	0.170919314	173.0049896	2.147203922	12.87478256	2.196092606	1.182026982	0	40.91784286	1.165515304
pas42	112.9239616	0	1.087849498	254.5776443	6.759197712	0	0	4.999451637	0	0	64.51423264	0	0	0	0	63.84803963	5.644554615	0	8.486802101	11.02608109	0	0	0	2.233564615	0	0.841164649	0	81.08211899	0	74.45138168	0	10.04747868	0.101825401	0.768798113	0	21.24383354	0
pas43	244.1069489	0	0.804044694	161.1210175	12.09617281	1.313676596	0.417714357	5.972725153	0.974450469	0	123.5746269	0	0	1.38227421	0.907565594	80.75792313	12.28273439	1.035861969	6.900737047	15.15509462	5.274132013	0.218059899	0	1.408793211	0	5.50902009	1.107341647	104.5392799	1.730384171	147.5850754	1.952858865	5.970177889	1.074117124	0.877687782	0.681045502	12.53569889	0.644176364
pas44	155.8410492	0	3.925385237	470.1533661	15.99846315	1.802261651	0.33362107	4.622550249	0	0	100.0033112	0	0	0.248095043	0	127.0987358	14.73862505	0	15.32050085	12.40949488	0	0	0	1.17419976	0.036425846	2.427716613	0.317211688	142.4399338	0	110.8012276	1.661865234	5.467112064	0.105680447	1.223046541	0	37.08768654	0
pas45	136.9179077	0	2.335278749	251.0118484	14.6947794	0.471444234	0	5.206335306	0	0	71.44771576	0	0	0	0	75.85302734	16.47853088	0	8.756459713	10.27036572	0	0	0	0.224590272	0	1.442122221	0	82.81712341	0	102.5961342	0.688192785	2.406931281	0.021995092	0.24400384	0	21.13165474	0
pas46	173.9176331	2.461320639	2.881906509	254.9374237	11.96943188	1.790281653	0.253355265	5.483387947	0	0	70.16136169	0.365749121	0	1.816762209	0	92.16133881	8.215585709	0.173445299	10.18572044	14.74704266	0	0	2.736701012	2.473029852	0	2.148427725	3.151877642	149.8405457	3.177732944	125.8161621	1.838519692	20.76582146	3.007699966	1.826131105	0.894177854	18.29113579	0.394192606
pas47	168.8423386	2.289550662	3.657286525	242.5116119	16.64339161	1.801447272	0.622725099	3.72097528	0	0	82.78505707	0	0	2.405703664	0	78.07225037	11.08856153	0	8.415812016	13.2090683	0	0	2.068871379	2.147037506	0	2.455446005	3.615240335	169.0682602	1.480482936	125.4771271	1.101361513	18.49617672	2.726230621	1.147106349	0.376839444	20.55418777	0.688511223
pas48	204.1604538	2.502192616	3.637978435	188.5094986	6.748844862	2.437101841	0.748057485	13.25226021	1.146411479	0	107.4132156	7.657892227	0	1.459565878	0	88.87674332	13.65169859	1.951654375	8.025454044	21.39579964	0.892040104	4.250007391	1.368461311	2.61960125	1.599245608	4.538103104	4.678595066	189.3656158	4.400980473	133.1656494	2.346953034	12.07610321	5.72676158	2.051129937	0.010582846	47.22113991	1.954305291
pas49	162.1605835	0	2.392588854	350.8746643	11.90408134	0.662336767	0	13.06416416	0	0	114.8063889	0	0	0	0	101.2667618	17.16224289	0	11.39984703	31.46975708	0	0	0	1.018188834	0	3.213452578	3.002182007	168.4135437	0	122.1626282	0.95325768	3.223485708	0	1.516682267	0	53.17465973	0
ctr10	267.5735474	4.155945778	10.9956212	582.8273926	13.95594168	3.592953682	2.966192245	8.071958542	5.23639369	0	68.53801346	2.388317823	0	2.580812454	1.13712275	30.76533318	10.25632477	2.260286689	20.03482819	7.415684462	0.396150917	3.12241292	0.715818793	3.038971663	0	4.125240326	2.843352437	247.1246414	2.185914636	136.6321945	1.06005007	23.44459915	1.968245804	1.121495545	0.38808237	34.59015656	0.709872007
ctr11	457.2262878	3.609590769	5.477241755	281.8966522	9.672182083	0.62662822	1.487641811	7.938737631	3.680352449	0	100.8619576	0.084072165	0.086187225	6.690883875	0.477413446	260.3218842	51.65423584	2.043290734	8.168876171	29.25736141	0.459800735	1.93838793	1.65738833	1.377189934	0	3.300334811	6.777301311	508.9338379	4.4268713	116.9079018	1.720814049	1.345362306	0.036251083	0.243967548	0.443508461	50.97073174	0
ctr2	183.5367966	0.19246272	9.172422409	647.2918091	14.48852348	3.34384048	1.689184487	3.576894522	1.931785107	0.071046494	50.03922653	4.41069746	0	7.263720751	0.334731653	136.7972107	10.89985132	1.120012701	29.5198946	14.00114965	1.648507833	4.038519144	0.740821064	0.95120123	0.063827183	2.301445484	6.756574631	247.9285355	8.441324711	119.9594994	2.443408608	17.88251114	2.041820049	1.458028018	0.713444501	31.24007988	1.884567857
ctr3	212.1626892	1.838052332	7.974752188	644.1878052	13.88878393	2.472779512	1.751906455	5.283820868	1.611268461	0	83.20780182	2.622701645	0	4.553714752	0.129489057	0.638677001	5.330643415	0.382719606	26.506917	14.53773546	0.756839216	2.44153595	0.170271248	1.686618447	0	3.700263262	8.536315441	298.782959	5.949068546	141.6621017	0.970932364	9.337679386	2.026426077	0.992952853	0.587210745	15.76177645	1.552012861
ctr4	99.47509003	1.889300168	6.828684568	451.6844635	10.48213148	2.487336636	0.623206913	2.703429341	15.2873888	0	14.48264456	1.999722779	0	3.757019877	0	71.64890289	12.15912437	2.392181039	14.30020618	7.221132517	1.010493577	3.432251453	1.180552959	1.672147512	0	1.125900269	4.493137836	127.666214	3.62497139	77.22063828	1.461427867	32.24223518	1.083328485	1.11329639	0	44.20890999	1.901901066
ctr5new	202.8284912	2.552937508	9.263431549	670.9846802	14.69701576	2.857838392	2.560561657	5.46336937	4.180578232	0	54.04683685	1.741165519	0	3.435029268	0.171642587	35.59399414	13.00686836	2.095448732	21.06125069	6.530137062	0.950541019	4.755103111	1.06150806	2.472907066	0	3.167578936	2.765818596	288.5574341	0.40401265	142.0612335	1.371859074	31.46914291	2.059834957	1.002169371	0.194938004	32.83072281	0.950132608
ctr5old	163.8225708	6.101025581	13.42049313	513.1628418	11.94135189	3.827572584	0	4.450580597	3.038705111	0	54.60509109	6.715426445	0.800775647	6.023295403	0	108.6607437	13.62972069	7.013960838	18.45929146	11.52969837	3.64384985	2.529397726	5.532793045	4.91906786	0.24604468	3.980129004	6.628139496	235.0019684	0.184730098	132.8731995	2.402310848	69.45597839	1.617829442	5.053647518	0.312661529	63.26830292	1.699326873
ctr6	163.5127869	0	4.27216959	490.5159454	11.25426197	1.143194675	2.469247222	2.398611069	0	0	45.21109962	0	0	1.163809657	0	14.6132822	10.93245935	0	13.11652708	2.999974966	0	0	0	1.009653687	0	0.787710667	0.964715421	207.5623703	1.295555711	127.1955261	0.056391479	4.407494307	0	0	0	25.42395306	0
ctr7	341.7495422	94.78435135	13.9341855	694.3239441	19.80769634	3.251523376	5.430522919	5.96045208	14.85686111	0	142.3122711	11.04717731	0	0	1.984790325	56.26092529	22.32399464	7.44178319	30.88862324	9.338372707	4.242026806	12.08634996	8.43705368	6.674433708	0	6.192900181	3.744520664	353.8143158	14.89999008	199.0272446	0	88.55364227	12.66390133	4.178584576	2.501393795	42.13851166	1.775450587
ctr8	267.5735474	4.155945778	10.9956212	582.8273926	13.95594168	3.592953682	2.966192245	8.071958542	5.23639369	0	68.53801346	2.388317823	0	2.580812454	1.13712275	30.76533318	10.25632477	2.260286689	20.03482819	7.415684462	0.396150917	3.12241292	0.715818793	3.038971663	0	4.125240326	2.843352437	247.1246414	2.185914636	136.6321945	1.06005007	23.44459915	1.968245804	1.121495545	0.38808237	34.59015656	0.709872007
ctr9	267.5735474	4.155945778	10.9956212	582.8273926	13.95594168	3.592953682	2.966192245	8.071958542	5.23639369	0	68.53801346	2.388317823	0	2.580812454	1.13712275	30.76533318	10.25632477	2.260286689	20.03482819	7.415684462	0.396150917	3.12241292	0.715818793	3.038971663	0	4.125240326	2.843352437	247.1246414	2.185914636	136.6321945	1.06005007	23.44459915	1.968245804	1.121495545	0.38808237	34.59015656	0.709872007
