ID	CD45	EpCAM	casp3	CD45RA	CD69	PgR	CD56	TCRab	HER2	CD25	CD44	PanKer	TCRgd	pSTAT1	TIGIT	CD27	VIM	Ecad	PDL12	CD28	KI67	FoxP3	ER	CD45RO	CD19	CD24	CD38	CD8	EGFR	CD3	CD20	pS6	HLADR	CD4	PD1	Hist1763	CD16
pas1	74.77856445	0	2.861308098	92.09259033	34.51843643	2.70846796	1.247719049	0	0	1.050795555	118.5231247	0	0	2.665667295	0	2.133639574	8.842607498	0.856391549	3.099445105	1.370672703	0	0.146294609	1.1057235	3.549956083	1.170232654	3.002200127	7.548883915	0.547605455	0	0.700297415	0.359586746	5.882522106	3.066460609	0.73245877	0	41.92869949	0.755853593
pas2	64.98699951	0.314428717	2.301697969	44.67686844	18.91020393	2.791167974	0.325321525	0	0	1.033865929	88.42988586	0	0	2.083440304	0	0	17.25917625	0	2.493900537	1.17936039	0	0.116484262	3.865901709	2.585787296	0	2.523288727	3.018103123	0	1.387546897	1.152312636	0.177331358	11.97020912	3.06453228	1.721563578	0	50.05864334	1.875177383
pas3	83.98095703	0.684286416	6.67955637	106.3719482	17.27927971	1.795791388	7.212522507	0	0.821022749	0	88.64559937	0	0	3.810359478	0	1.762015462	5.014519215	0.150122046	5.228085995	0.931881785	0	2.152549505	0.709629893	6.261490822	2.258401394	3.98678565	13.82956314	1.441679955	0.78235662	1.002690196	1.639554381	25.71517563	16.02385902	5.357762814	0.467445076	24.25562859	0.899091005
pas4	60.57756805	0	2.283761024	83.93353271	21.72878456	2.067664623	2.856738091	0	0	2.458619595	73.8948822	0	0	1.907606483	0	4.159964561	3.803637266	0	3.22740221	2.673319101	0	0.134549245	1.701689005	6.815598011	1.580273271	1.740362167	2.321371794	0.418399334	0.698841631	2.597088575	1.264083862	8.314929962	3.886951923	3.664646864	0	42.03059006	0.329007298
pas5	71.49689484	0	1.764360905	21.53384209	10.16100311	1.278780937	0	0.255999058	0	0.506016612	41.37294006	0	0	2.78757453	0	2.769291639	5.732952595	0.623208642	1.460602522	2.959693432	0.240728274	1.477570057	3.536236286	10.22793674	5.539336205	1.227699995	4.926012993	1.358513594	0.62753135	8.520456314	4.201672077	13.81236076	12.66030693	7.733870029	0.022363968	26.49287605	0.394531667
pas6	90.12868881	0.302698702	1.767678916	71.44616699	20.95556927	2.465469599	1.522953093	0	0	0	127.0783424	0.538506299	0	2.035570621	0	1.027963042	12.98076868	0	1.921395838	1.181772411	0	0.74108547	5.762041807	2.712861657	0.397021532	2.901839852	1.34701997	0	2.259293079	0.297742501	0.582143158	14.16484404	3.898122787	1.607707977	0	46.69710541	2.718950391
pas7	100.0583229	0.162503473	4.75702095	171.0689926	11.09782457	2.707719207	4.034698248	0	0	0.919334948	109.2521362	0	0	2.533982635	0	1.708177805	5.759120464	0	6.32370615	1.716810465	0	1.564513028	3.758597851	5.620112896	2.071931362	3.031812787	6.333645105	0.308400676	1.226417124	3.829862237	1.114166021	20.98303795	6.778656483	12.8830204	0	20.41184616	0.602964044
pas8	67.27915192	0	0	86.17858124	15.05053234	0	0	0	0	0	66.41138458	0	0	0	0	0	5.547555923	0	2.883071184	0	0	0	0	0	0.34774676	0	3.18563652	0	0	0	0	4.010532379	3.47490406	0	0	9.551691055	0
pas9	200.9929657	10.68905735	4.980480671	7.686511517	17.26008415	2.252999544	1.903462291	0	0	0	286.2094421	0.38702634	0	2.818434477	0	0	33.42552948	0.689015865	8.359773636	1.048267961	0	0	0.588123143	40.31676102	0	11.11096478	30.14792824	1.77802372	0	1.915362239	0	15.81541061	103.0179443	49.38229752	0.85292989	28.80590057	3.109304428
pas10	67.91307068	0	4.152154922	217.5278473	8.855958939	1.556068778	10.74278069	0	0	0.203053147	93.60708618	0.089578994	0	2.476705551	0	0	10.39321041	0	8.429027557	0.373976439	0	3.085083246	0	1.739195466	2.149522305	3.249219894	6.90694046	0	1.161194921	1.394984961	1.536445618	15.77881336	10.38467979	5.407255173	0	32.24170303	1.323338389
pas11	69.61269379	0	1.700892389	9.112582207	1.911436677	1.174261808	0.287885979	0	0	0	15.86817265	0.429892212	0	1.537231207	0.134226825	11.01104498	2.317930341	0.444662809	3.369087458	0	0	1.691615105	0.152125821	1.588363826	0	0.419123396	0.014687973	0.239953995	4.321603537	1.729732335	0.228264615	4.913826466	1.084928691	1.513441682	0.073983386	14.26047897	3.302271724
pas12	66.96451187	0	11.49777031	78.54906845	8.805981636	7.161479235	0.380673096	0.645463109	2.323568702	0	31.91775131	13.43430138	0	14.41895866	0	0	12.38884592	4.233169794	5.072120905	0	10.90486765	38.83071899	10.00111055	6.36113596	1.091168523	4.756035805	10.82878065	1.170645297	13.07666445	4.75765419	6.225627899	310.7153168	60.52593231	32.62865257	20.55956268	155.8755341	5.742839098
pas13	111.481369	2.13499558	4.497745514	30.33500957	11.58805752	3.403658032	3.909171462	0	0.548876017	0	82.99277496	0.989670992	0	2.92177999	0.193286501	0.214200996	21.23943424	0.945376009	4.777858496	0.400408506	0.032697	1.457262039	5.162964582	4.215670109	0	2.701159596	8.72840929	0.965306997	2.781079531	0.176280998	0.302535504	26.01687813	4.681819439	5.1700418	0	36.35728073	7.51439333
pas14	235.0252838	2.450102568	5.842052221	6.19390893	18.79683876	6.320534945	3.081315994	0	0.930286199	0.029223838	262.5210724	2.509574294	0	8.986294746	0	1.018253863	37.1656189	2.582952499	6.915910721	1.30964452	1.449529171	6.160914898	4.249429226	54.38731384	0.146333009	11.60201931	28.04010201	1.571640551	0	1.291493952	1.194355488	41.43097496	140.3032532	36.13053703	1.169353187	51.5312233	5.198177814
pas15	109.1456604	0	5.474689007	205.6162872	9.319479942	0.960462928	0	0	0	0	145.4668427	0	0	0	0	0.09694013	10.86163998	0	7.571203709	1.375125527	0	0	0	7.122442722	2.585082293	4.840493202	11.55831432	0	0	1.02657342	1.304449081	4.565416336	30.15530205	46.94488907	0	29.0451355	0
pas16	87.84965897	0	4.67081809	181.6877823	13.49826622	2.086644769	2.455276132	0.048643142	0.2803756	0.662848949	116.4721222	1.520945251	0	2.734562397	0	0.116640572	13.04915094	0.055134369	10.48937845	1.172782838	0.214324154	4.292063951	0.834817171	2.009162307	1.020345628	3.184226632	1.894539177	1.110439718	2.500177145	3.316335082	0.969555408	20.11004066	5.827019691	4.454106808	0.134087455	32.71475029	3.256016374
pas17	111.2753372	0	3.46211648	94.8461647	11.73738527	2.614915848	4.995019436	0.346150726	0.335238338	0.906125575	168.1495132	0	0	1.879262924	0	1.495729148	11.2725234	0.472894102	6.414001942	2.442068934	0	0.943607479	0.781585991	7.546427488	0.598291725	6.024571419	7.195353746	0.802691221	0.320036441	2.45899117	0.871072769	11.22272348	6.931729317	7.777718306	0	42.53749084	0.657668918
pas18	125.5798721	0.105592035	7.863836288	243.1905518	12.18178082	4.287050724	4.094120979	0	0.272193342	0.164374918	169.7703247	0.771636963	0	6.312841892	0	1.365792394	11.66242886	1.358727217	8.773163795	1.69496727	0.069341928	3.839957476	3.417583466	7.25437212	1.195713758	5.099375248	21.22537231	1.29604435	0	2.202035666	1.961417437	61.4932518	30.63824844	35.42553329	0.205461174	65.11465454	1.252509832
pas19	78.03462219	0	4.185669184	115.0902863	10.0593605	1.67008239	0.187492028	0	0	0.882593304	99.94372177	1.238307655	0	4.27889061	0	0	10.45779657	0.076375792	7.258781433	2.825951219	0.097337335	13.29930687	2.124939919	5.541478395	4.606044769	3.341345549	3.588242531	2.056311607	2.297485113	4.586713314	1.124485672	18.22994518	18.45156097	9.378938198	0.623150587	26.26747894	0.021715803
pas20	138.4778748	0.240861192	7.696282387	266.2555542	15.10841274	5.167547703	3.161203623	0	0.51416117	0.013449463	90.80961609	0.43021211	0	7.447297573	0	0.964869142	25.73151016	1.383802056	11.89063358	1.417515993	0.874644339	3.380512953	4.606787205	4.870961189	1.164918423	4.405344486	73.70200348	2.417067528	4.217896938	1.467529535	2.909151793	51.24448776	73.05239105	61.92264557	0.636738837	143.5799561	5.349315643
pas21	141.6314392	0	8.742615223	399.6319885	14.77909136	4.658571959	3.867451668	0.209448658	0.482955694	0.789114624	178.7431793	0.320926532	0	6.024868488	0	1.134044945	17.53101063	1.81625849	13.25308084	2.717892289	0.201469064	3.083178401	2.477048159	10.05826187	0.701086015	5.109488487	19.16905689	1.900454342	0	1.967535317	1.463400304	29.77364922	34.18113899	41.7245636	0.531887174	102.7680702	1.105521441
pas22	115.8071709	0.144324332	5.358496666	216.859375	13.14574432	2.91320622	12.95347738	0.137373507	0.726431489	0.191430688	182.6824188	0.021631889	0	1.936628938	0.212341398	1.625660658	12.74049664	0.510316432	8.564999104	1.750156879	0.015428342	1.641138554	0.43767792	4.67634654	0.90991202	6.017318726	17.66785622	1.142996609	0.261599958	1.369094849	1.481389582	13.18790388	5.983594656	5.065217495	0	57.49687576	1.262128234
pas23	130.526062	0	9.808293343	347.8703918	13.98730564	5.300303459	3.620264769	0	0.286960065	0.657059908	129.300415	0.561280429	0	7.713235855	0	1.214875221	20.92827415	1.615423203	12.11540127	1.885915995	0.65775007	10.51717758	3.329233408	4.991801739	0.813235223	3.900493622	13.89646053	1.56307137	0	2.709629297	2.780738831	138.8040009	36.04283524	25.46468353	0.629990935	120.1124496	1.050334573
pas24	93.53593445	2.075730681	5.686300516	274.1886139	11.58037901	3.617792964	2.560392022	0	0	0.400608987	112.1444855	0.419849977	0	3.945549488	0	2.942353725	13.61493206	0.384517983	10.75545454	1.294954002	0	0.981270432	5.400788546	4.373708248	3.281083584	4.054262161	15.40325499	1.147032499	3.173080444	2.668798923	2.16902101	50.47749138	21.51942348	33.24851799	0.068990272	47.63136482	1.432842195
pas25	106.6667557	0	3.23484683	196.2584839	13.38872433	2.801124811	3.590635061	0	0	0.626550019	71.14235687	0	0	3.390173435	0	1.456183672	11.5045948	0.037200492	7.396411896	2.342355967	0	1.760865092	1.153400421	4.715218544	1.089084268	2.347955227	11.08065414	1.391397357	2.324014902	2.973255634	1.782564998	19.29359436	21.57100868	12.09435654	0	68.4376297	3.867230177
pas26	121.0195503	0	4.418872118	235.5784988	11.84592676	2.102565169	2.63477397	0	0	0	167.964119	0	0	1.250895619	0	1.369035125	11.64645147	0	9.989439964	0.495753661	0	0	0	2.812559366	2.635973454	6.462651491	10.68783092	0	0	0.193304449	2.185369492	9.813773632	24.43743896	6.954494953	0	42.70080948	1.133835137
pas27	66.40088272	1.631788015	2.592653513	53.5126133	6.748541117	1.573220015	1.289103031	0.493019998	2.562221408	0.566739023	70.54077148	0.722831517	0	1.572478533	0	1.747844517	4.837188005	0.735490501	3.477359533	2.448497534	0.229694501	2.745097041	0.965829015	7.737650633	1.17016995	4.114620924	9.259756088	2.517365575	0.652413517	2.610784054	1.685981512	11.63051558	33.16390419	17.76918983	0.509588003	26.53655624	0.226885498
pas28	99.00585938	0	1.9694345	9.655761719	1.533809543	1.022674561	0	0	0	0	11.38434124	0	0	1.310681224	0	4.281266689	3.554837465	0	0.044177569	0	0	8.20418644	0.245771125	0	0	0	0	0	4.322319031	0	1.108438015	41.18854141	2.967112541	2.136995792	37.51448441	12.67050743	8.477449417
pas29	94.63844299	0	3.389677763	162.756134	10.45150566	2.453709841	2.657933712	0	0	0	51.95026398	0	0	4.554837227	0	4.052983761	7.585886955	0.208007306	6.19802475	1.482233644	0	2.08041811	2.14626193	4.762582302	2.71491909	1.769284248	10.73309898	1.776123166	1.61245501	3.537624121	2.825056553	35.64727402	16.09903145	9.302894592	0.021882314	40.08525085	1.872876048
pas30	83.82712936	0	3.673546553	175.2642212	8.52341032	3.861624837	2.148953915	0	0.08790645	0.387995213	84.70660782	2.905606389	0	2.836707711	0	3.498842239	8.717338085	0.225593612	4.512039423	0.65933755	0	1.945623159	2.039283395	1.581047535	1.045690894	2.410288095	4.765004396	0.635004282	1.951230764	1.687213719	1.374324918	11.71844912	13.19448328	5.254788876	0	39.01577568	0.40279007
pas31	90.47831345	0	2.46376431	77.35610962	5.241256475	1.725737393	0	0	0	0	40.75424957	0.065705944	0	2.85502398	0	0.863061637	8.626374245	0.445379853	2.285067081	0	0	11.14853764	1.05911237	0.460812703	0.411888793	0.896227837	2.471200943	0	1.293192446	0.893750161	2.281744242	40.44303513	8.941671371	6.84241128	29.67542648	53.30479431	4.061254263
pas32	96.7529068	0	2.479550838	124.8818588	10.45889473	3.833214521	0.853990018	0	0	0	44.64453888	0.241555423	0	3.718683481	0	0.636897266	19.84301567	0.799907029	3.959723234	0.180281356	0	13.33636093	1.722949624	0.940021455	2.013926029	2.154860258	3.481426001	0	0	1.372854471	4.894764423	62.93487549	17.48096085	9.577048302	49.85934067	125.8613358	3.432090759
pas33	82.1149826	0.589961708	3.96821785	157.3136292	9.747378349	2.830191851	4.054262161	0	0	0.498722672	83.15926361	0	0	3.079304695	0	2.850418329	8.109422684	0.03723184	6.968378067	1.416400552	0	2.44161272	4.528171539	8.179328918	1.701985836	2.713554382	9.000533104	1.174918652	1.465824962	3.52120018	1.965827703	48.30698776	13.05904007	8.922792435	0	38.07444382	0.709158659
pas34	110.6989517	1.193124115	3.909797907	12.4743824	4.771921158	2.656784534	1.027260482	0.132588468	0.344706714	0.590249658	14.36176634	8.704854012	0	9.135238647	1.161752284	24.90139008	5.378753185	1.416307628	25.8352623	1.094249129	3.296828866	6.641936541	2.192749977	0.738532811	1.577786446	0.72222209	1.908330142	1.512271821	25.3222208	5.383662224	2.277615547	9.749245644	4.202821732	2.59371233	1.675127268	12.62308025	16.13551331
pas35	116.8152924	0	2.814080119	30.17675114	12.13345671	0.589908272	2.808751941	0	0	0	161.1978302	0	0	0.379799709	0	1.138703287	12.20430422	0	3.339307308	0	0	0	0	8.341407776	0.424999654	5.919698	17.44037628	0.242046207	0	0.548203111	0.250337631	9.687628746	28.45865726	7.678902864	0	23.74849415	1.106804013
pas50	203.989151	0	1.862813115	14.14899445	10.01031971	0	2.535718203	0.037274484	0.826749742	1.121057749	75.88813782	0.013582712	0	4.214003563	0	7.686916828	31.45204735	1.314189076	1.524374962	3.513619184	0.422582299	1.392493844	4.370541573	5.921431541	0.180769861	1.530908704	4.057344437	0.878225029	1.975557327	3.157326221	0	5.112291336	8.10750103	7.618589878	0.941533148	85.3319397	0
pas51	193.8204041	0.403944939	2.745572329	24.39782715	6.994194508	0.08058852	3.122527838	0.477501869	1.153146267	1.725738049	86.65206146	0.206150666	0.027425691	4.493545055	0.289821118	8.78845787	43.22363281	1.652524948	2.222588778	2.39476943	0.537491202	1.594606161	2.774708748	4.319310665	1.586696625	2.745489836	4.808665276	1.758698225	1.933243871	2.678902626	0.196664289	6.268717289	23.22454071	7.528910637	1.380027652	73.44804382	0
pas36	120.6571388	0	4.696974277	202.5554428	11.03934956	4.222539186	2.175654411	0	0	0.640397757	60.92803574	0.478329241	0	5.560283661	0	4.874587059	8.441624641	0.921760172	7.576960087	1.246245742	0.295995265	2.200657725	3.264381051	2.222067475	3.876094699	3.196470737	7.637343645	0.640192956	0	3.84994328	3.397573471	79.48427963	25.08206749	8.321464062	0.0874524	56.55207634	0.894859165
pas37	96.44584274	0	4.691737652	174.8315735	10.15455675	3.208382726	3.46617651	0	0	0.190389827	111.2450981	0.083835389	0	2.996299624	0	1.503978312	12.1625576	0.109634988	6.289535522	1.150496066	0	1.41504091	4.570193768	4.604376793	1.059224367	3.354669571	13.13734531	0.991595387	1.511772931	1.43927902	2.041145086	32.15080452	11.47763681	9.391329288	0	63.26213646	1.814673543
pas52	170.1214828	0.827278435	4.393570423	26.42786598	12.89965296	0.049186386	4.485628605	0.733949065	1.057744205	0.592887074	57.79272842	0.048666187	0	2.951906562	0.607998371	20.7951498	38.12407112	1.160300136	2.838878632	3.621332765	0.269226581	1.230832219	1.798414409	4.267910957	0.215726808	1.969021678	2.652443051	0.516381979	1.330400825	5.255126238	0	3.320287347	14.6861515	8.578445435	2.371436119	72.03723907	0
pas38	135.1538849	4.709508657	7.896689415	336.0948334	15.59300041	3.899594545	14.69579172	0.269786194	0.340941727	1.234494925	193.0150681	0.086052753	0	2.891492009	0	2.846228242	5.463638306	0.38104254	12.29970121	2.371037722	0	2.837650299	3.101354122	12.09794569	1.626556516	6.173835039	21.8914957	1.904848814	1.52392906	3.123008847	2.422566772	46.82445526	19.70364857	10.74406672	0.079731483	40.7890377	1.407435417
pas39	96.13022995	0	2.497721314	117.7849693	10.01676321	1.146086097	2.36720562	0	0	0	109.7347374	0	0	0.538740844	0	3.612810969	7.141811371	0	5.846596718	2.372360349	0	0.065888815	0	8.090190887	0.906940997	4.104547262	4.413547754	0	0	4.151284695	2.101660967	10.1373992	10.91741037	11.80328417	0	39.45372391	0.18488688
pas40	173.0407715	4.488657951	7.717670441	139.6979523	14.14430046	4.499586582	3.273565769	0	0.234612048	0	139.561142	1.376605153	0	7.211319923	0	0.430265874	43.3404808	1.432513952	6.528917789	0.671597421	0.411549628	3.049541712	3.863080025	2.356802702	0	4.287884712	43.16382217	1.112628102	2.022985458	0.719729781	1.350993276	80.63873291	197.0316162	63.26127243	0.504104674	52.19917679	7.518185139
pas41	128.8640442	0.221244708	4.538183928	210.5531464	13.98703384	1.903453767	4.022958517	0	0.574931532	1.00641486	172.5752487	0	0	1.674425781	0	1.674755156	16.25776863	0.064682666	8.13987875	1.388307393	0	0.759607852	0	3.40723598	0.705956787	6.368014574	7.119409561	0	0.073492803	1.347368836	1.181835473	15.64113617	13.14330196	7.343159199	0	56.48107147	1.842988789
pas42	81.39031982	0	0.112309165	43.95693207	6.92869997	0	0	0	0	0	76.53836823	0	0	0	0	10.52270126	5.345541	0	3.044548035	3.992419004	0	0	0	12.57387447	0.031231541	1.807067513	0	0.338996202	0	7.553334236	0.275101304	10.06386757	4.878919125	11.17952919	0	21.82748985	0
pas43	145.1403656	0	5.462399244	71.75924301	12.27278042	2.734713793	5.094959736	0	1.602749705	0.84506321	147.5378723	0	0	0.951409072	0.120633628	2.557298303	23.17783928	1.479848325	3.996781945	1.417928696	7.275672913	2.126499414	0.327796251	1.870603859	0.829711527	5.626331329	2.603996634	0	0.207113266	1.332546592	1.194064319	6.903576851	7.289198399	4.30548811	0	19.8159132	2.433079362
pas44	80.53261566	0	3.309420943	211.6964722	13.11896038	1.948432565	2.030875802	0	0	0	102.8528976	0	0	0.851246387	0	5.495364428	12.49946022	0	7.384184837	0.730745077	0	0	0	2.464795351	4.355610609	3.585707784	0.331935883	0	0	1.226022005	1.629745305	7.112143755	5.077992916	7.803555012	0	45.05820274	0.381383225
pas45	74.20462799	0	3.255109072	169.3523407	16.60739136	0.609971523	0	0	0	0	67.63852692	0	0	0	0	9.382529259	6.470484257	0	5.121329784	0	0	0	0	1.008735657	8.755052567	1.777632117	0	0	0	2.795537472	1.579231381	5.553002834	34.8722229	5.20955658	0	19.38601685	0
pas46	129.9429932	4.154586554	5.500893831	120.904953	14.8170681	3.483539939	3.002086997	0	0	0	102.078373	0.910402566	0	4.907762289	0	3.666143417	13.09588814	0.699877471	9.217111588	1.192246497	0	1.649842322	6.742310524	6.614067316	3.815371633	4.372704744	13.78445435	1.789454341	3.440295935	3.43934238	3.549467683	58.24287033	36.72590446	12.39374399	0.852187306	49.49125862	2.091273189
pas47	106.041626	3.820323706	5.811499834	163.9789658	12.04979992	4.106419802	2.984945059	0	0	0	149.9636993	0.597155333	0	4.806662321	0	1.689386487	17.51336575	0.639797479	6.263708591	1.594079196	0	1.576060712	6.806408882	5.6865623	0.925341904	3.941873312	22.68612957	1.992233574	2.519589782	2.518948555	0.789404184	36.16061211	42.08945465	76.48916626	0.776809752	56.69632149	1.705661416
pas48	114.9058304	2.72307229	5.668533802	54.10547256	9.412401199	3.635174751	2.445536852	0	0.932980239	0.578923047	167.5919495	7.539114475	0	2.826417685	0	3.310642242	19.01555824	2.831672192	3.924596548	1.857620955	1.344369769	4.984815598	2.197204113	7.292713642	3.09804368	6.226679802	11.41800308	0.792295516	3.821294785	1.286596537	2.010164261	14.07913876	15.29534054	6.467115402	0.335175782	81.04893494	2.958968878
pas49	86.84254456	0	3.563521385	203.898056	10.50263596	1.149782538	1.415070176	0	0	0	164.8934631	0	0	0.979706228	0	0.703244507	16.32804298	0	7.615985394	1.465713143	0	0	0	3.452399254	2.131062031	5.310491085	9.602776527	0	0	0.850788713	0.674398422	5.780463696	33.82405472	32.66539764	0	63.56862259	0
ctr10	273.641922	5.330867767	10.61567974	22.68840218	10.13819885	4.898400068	4.430017233	0.030084501	6.796634912	0	139.578743	3.81239593	0	6.730720043	0.381128684	0.28841126	22.21268749	3.614287853	7.242348909	1.220651984	1.524746776	5.600953579	3.640968204	50.30843544	0	7.209569693	23.7942543	4.065965891	2.422600865	0.362026319	0.270275012	33.91561317	34.81347466	7.495953083	0	43.40878105	9.121836662
ctr11	362.3022614	5.838386774	8.749127865	52.86870575	9.468484879	0.597098649	5.636175394	0	5.910695314	0	67.83516312	0.833984911	0.478432044	6.124278545	2.627166867	1.208085001	56.63886452	2.993607998	4.489188433	1.456601501	1.111932278	3.219994903	3.696397901	5.583328485	0.094745502	3.17902863	42.48840141	2.647008896	2.662747383	0.004029705	0	4.101405144	4.913837671	2.7753582	0.403666303	51.39792633	48.0433979
ctr2	183.1967392	0.196911968	7.704016924	29.09795475	6.380173922	3.667208552	2.892443657	0	2.568261266	0	84.30028915	4.857391596	0	11.77683973	1.149012148	3.653100014	35.1681881	2.350011945	17.26810169	0.73685497	2.271932602	5.888022184	2.761701584	17.8936758	0.43341729	3.743830562	20.15981007	3.393893361	8.24612236	2.732533813	0.846531689	20.84442425	29.09577084	7.570636511	0.881462097	39.97541809	9.321581841
ctr3	191.8077698	2.356643677	6.165444851	49.78969574	7.529953003	2.313856363	4.77582407	0	1.742952943	0.032521971	108.3245163	3.314666033	0	5.933641911	1.051741719	0.641484499	10.84062862	0.585569203	14.90391922	0.772159815	1.157946944	3.980884314	1.903902292	14.74899197	0.236862734	4.362276077	20.95644379	3.902988672	4.563687325	3.148942947	0.724326968	12.01137352	14.11780167	6.196195126	0.633190095	19.36290932	17.34695435
ctr4	123.8574142	2.815928221	4.805044651	12.75015068	5.602803707	3.124199867	0.436414719	0	18.33825493	0	41.22697067	2.807169199	0	10.04771233	0	1.282824278	30.85116577	3.65131259	5.832104206	0.247902244	2.177374363	5.516148567	5.438153267	27.4259758	0.487101227	1.932834387	11.50625038	0.828132749	4.379743576	1.509818673	0.169853911	40.39175415	55.69263458	8.673275948	0	38.52828598	20.08340836
ctr5new	172.3086243	3.337861657	7.312696218	43.51395035	10.29961967	2.992264867	3.558232307	0	5.738424778	0	81.45999146	2.807747126	0	7.681148052	0	0.137750506	18.19694424	3.154681325	9.723289967	0.731460989	2.046609998	7.002946377	4.112523556	17.79755688	0	4.527494907	22.49337578	6.536879301	0	0.229846448	0.062124267	43.02326965	18.20912552	6.61046958	0	38.41167641	20.96521378
ctr5old	199.8915558	7.587001801	13.8206625	25.41466141	6.826903343	4.982875824	0.442602783	0	4.876029491	0	146.7246704	8.194738388	1.121346712	13.3185358	0	2.616904736	20.63510704	8.351667404	9.045369148	2.151932001	5.222741127	5.450912476	9.692047119	32.22789001	0.699889839	6.654312134	19.149086	10.24215508	0	4.482532501	1.33860755	94.79044342	115.2864227	18.13394547	0.420987844	68.59551239	10.82298183
ctr6	108.5849838	0	4.998621464	248.1551361	8.349581242	1.482820749	8.568344593	0	0.825480849	0	41.54725266	0	0	2.443068266	0	0	7.30930233	0	7.551004887	0	0	0.638188392	0	2.238087893	0	1.034789681	17.23661995	7.555783033	1.088124037	0	0	6.846536875	3.629275084	2.154453874	0	34.93432045	33.89610291
ctr7	354.4087524	106.5346413	12.5985527	31.33343887	16.10072327	4.802845478	7.991528273	0	15.93809652	0.115311302	309.6039734	12.19503164	0	3.892993331	0.813306093	4.199604273	40.41945267	8.840650558	20.57537174	0.269147664	5.076036692	14.31670666	13.63383627	75.03993607	0	10.89580154	34.23098755	11.80950594	14.36152601	6.009970903	0	96.77499771	70.93444443	14.50662231	1.382836878	46.26085663	13.51124048
ctr8	273.641922	5.330867767	10.61567974	22.68840218	10.13819885	4.898400068	4.430017233	0.030084501	6.796634912	0	139.578743	3.81239593	0	6.730720043	0.381128684	0.28841126	22.21268749	3.614287853	7.242348909	1.220651984	1.524746776	5.600953579	3.640968204	50.30843544	0	7.209569693	23.7942543	4.065965891	2.422600865	0.362026319	0.270275012	33.91561317	34.81347466	7.495953083	0	43.40878105	9.121836662
ctr9	273.641922	5.330867767	10.61567974	22.68840218	10.13819885	4.898400068	4.430017233	0.030084501	6.796634912	0	139.578743	3.81239593	0	6.730720043	0.381128684	0.28841126	22.21268749	3.614287853	7.242348909	1.220651984	1.524746776	5.600953579	3.640968204	50.30843544	0	7.209569693	23.7942543	4.065965891	2.422600865	0.362026319	0.270275012	33.91561317	34.81347466	7.495953083	0	43.40878105	9.121836662
