ID	CD45	EpCAM	casp3	CD45RA	CD69	PgR	CD56	TCRab	HER2	CD25	CD44	PanKer	TCRgd	pSTAT1	TIGIT	CD27	VIM	Ecad	PDL12	CD28	KI67	FoxP3	ER	CD45RO	CD19	CD24	CD38	CD8	EGFR	CD3	CD20	pS6	HLADR	CD4	PD1	Hist1763	CD16
pas1	188.4719009	0	3.276777148	215.2489777	22.79487038	2.788055301	0.486324951	0	0	1.181454182	84.92192078	0	0	2.946481824	0	3.127839446	6.861289263	0.472111255	7.146103382	0.622650206	0	0.006069345	3.54227531	1.727137923	207.5680313	6.503051519	3.238950849	0	0	1.004748821	24.69845009	12.96498442	104.148922	5.137748957	0	61.45009995	0.335230157
pas2	180.8272247	0.505303204	3.392808437	230.6703415	28.36515522	3.204119563	0.816572338	0	0	0.59649533	91.78470993	0.058481492	0	2.727145433	0	3.610370159	16.07722473	0	7.702353954	0.325235039	0	0	5.223933935	1.053279519	191.6915588	6.657021999	3.55599618	0	1.339783907	0.335889578	25.3293047	37.33889008	102.6568604	5.47414875	0	61.87875557	2.220260978
pas3	172.2967529	1.068139911	3.455908775	231.3561096	21.62413025	1.320338488	0.494627565	0	0.811238766	1.066066146	55.87166214	0	0	2.464507341	0	0.979845762	2.670175314	0	7.170621395	0.590942323	0	0	0.76937145	3.161338806	124.8846054	7.175071239	7.388784885	0	0.015958974	0.732942224	44.70555878	27.53110313	241.1347198	10.84497833	0.077960104	23.97709656	0
pas4	138.5760193	0	2.58853054	199.6851654	17.21323204	2.323130131	0.193657935	0	0	0.859699965	71.58328247	0	0	3.261990547	0	14.76262093	3.763448954	0	6.236872673	1.067874074	0	0	3.664934397	4.662043571	153.9214935	7.127783775	4.857355595	0	0.761824191	1.672188878	31.64914322	19.91857719	87.93791199	5.774599075	0	58.82332611	0.052719545
pas5	122.3712616	0	1.907519341	115.9822769	17.04844856	1.725726008	0	0	0	0.655036807	40.94125748	0	0	3.7448349	0	12.43224525	3.788934469	0.140964821	3.196474075	1.672341943	0	1.031743646	5.541176796	5.607234955	162.6094818	7.770076275	4.235173225	0.875335693	0.539813399	5.63868475	39.34711075	30.48934364	84.83643341	5.914132118	0	32.11576462	0.293788552
pas6	195.1093216	0.122097045	1.503152311	82.40013885	12.41274118	2.285328627	0	0	0	0	97.48350143	0.001786429	0	3.165430546	0	2.182338238	10.8553009	0	2.40085876	0	0	0.324548915	6.214796305	2.124607563	200.2522507	6.26126647	4.183724642	0	1.778323293	0.041846925	38.11793137	33.45793343	229.6704178	9.895512104	0	49.12134171	1.50737673
pas7	176.3325195	0	3.113764763	196.1181335	14.70541191	2.277819633	0.117670156	0	0	5.047558308	73.70480347	0	0	2.58107996	0	11.16495991	4.90100193	0	6.481907845	0.616274595	0	0	3.524427176	3.276045084	169.8187256	12.27744198	2.540466547	0	0.58314538	1.418838739	25.07460785	27.1966362	48.29806137	4.462965965	0.189494014	23.51608849	0.156109303
pas8	137.6073761	0	0.798736095	161.0359879	14.1596055	0	0	0	0	0	90.59913635	0	0	0	0	0	3.938349843	0	4.70889473	0	0	0	0	0	164.3243179	4.004145145	1.165359795	0	0	0	16.86629009	11.73880816	150.1159973	6.100572348	0	10.96759558	0
pas9	214.4590149	4.281618118	3.416497111	314.2012482	16.03332329	0.967995793	0	0	0	0	116.8469315	0	0	1.263542235	0	2.304804802	8.650130272	0.338074282	11.54870653	0	0.178023361	0	0	0.944182307	129.8942108	10.81081963	15.7655921	0	0	0	43.28655624	17.80224037	168.7317047	8.649895191	0	49.16141129	0
pas10	138.942543	0	2.48887074	245.5428314	7.119217873	1.219712138	0	0	0	0	71.34217072	0.241404116	0	1.613869071	0	0	7.511782885	0	9.717665195	0	0	0.544667035	0.698292941	0.531681091	98.67917633	4.603900671	5.922462702	0	0.812384069	0.137883179	29.12085915	25.74285984	133.1668854	7.171882868	0	35.2061615	0
pas11	153.1490936	0	5.412818909	456.2176666	16.00150776	3.661609888	0.93355751	0	0.299068198	1.514378071	74.48485184	1.117723167	0	4.295308352	0	5.069412708	8.145454407	0.44256784	14.81603765	0.672008663	0	1.579475582	3.701592565	2.066120863	149.2960281	8.012793541	3.678946376	0.039996445	2.225342631	0.825806439	23.75711727	17.692873	121.8875198	6.277391195	0	46.81330299	0
pas12	80.93912125	0	7.802629471	106.9566345	8.923838139	5.740049124	0	0	1.83697623	0	24.25165176	12.75845051	0	11.81390715	0	0	7.277192116	3.15278399	4.43847394	0	10.42645502	34.33731651	9.58727026	3.267977118	30.78957748	5.246549845	3.865463972	0.339342788	12.42201805	2.39943099	16.4777956	270.7014313	118.1583328	13.26464891	17.41359615	141.1854324	4.725788355
pas13	137.1056366	1.563213944	4.589605808	230.6614838	17.28348541	2.752583027	0.999859989	0	0.38618499	0	63.83121109	0.799314022	0	2.515197992	0	2.04212904	10.51201153	0.668525994	7.182779789	0.262735009	0	0.190497994	5.148927212	0.362886012	79.21190643	6.540977001	8.110464096	0.427536994	1.93808198	0.385632008	16.82418633	52.25617218	82.44933319	5.00464201	0	40.34350967	2.406444073
pas14	220.5924835	0	4.734590054	332.2352295	30.74121857	3.246197462	0.706337512	0	0	2.03649807	125.3952484	0.318691492	0	3.602039576	0	14.592206	11.19103718	0.415205985	10.52407742	0.803512692	0	1.389179707	1.279851437	0.932222009	183.6100616	14.39645004	2.587035656	0	0	0.441195518	31.59339905	28.98069954	76.89926147	5.020722866	0.231702313	63.02649689	1.029641747
pas15	190.8597107	0	3.949996471	360.0438232	15.2101202	1.054826021	0	0	0	0	151.6631927	0	0	0.06417691	0	6.074442863	9.778074265	0	12.3842144	0.024409922	0	0	0	2.772097349	104.9937363	11.3365097	4.702774525	0	0	0	34.54165649	9.206264496	93.37888336	5.403160095	0	32.57381821	0
pas16	193.6942291	0	4.427603722	330.4067383	13.27408028	2.653836489	0.837761462	0	0.277789861	1.166806817	111.035408	1.312067509	0	2.535334349	0	0	11.6227417	0	14.70611191	0.309572995	0	2.328660727	1.495340705	1.016969442	109.1788483	8.92506218	6.643671036	0.144428641	2.181442976	1.31901741	22.28764915	37.16984558	210.016983	9.831453323	0.182711914	41.9067421	0.738870263
pas17	220.6181183	0	3.96243012	302.8262024	13.62313032	2.754769564	1.487952769	0	0.204542719	1.260104477	167.12146	0	0	2.342213511	0	19.29117107	11.97763205	0	12.10155344	0.932060122	0	0	0.982595593	3.431765914	112.0425606	12.81989145	5.016783714	0	0	0.61972025	30.19165897	21.74116611	136.9955139	7.528918743	0	58.90430069	0.304134518
pas18	206.4308777	0	4.434078217	346.7757416	16.01652813	3.130078793	0.826868534	0	0	1.277715087	117.9045372	0	0	4.363170147	0	22.60655975	10.68372536	0.609612077	11.84096479	1.115986228	0	0.626637489	4.578453302	4.247822762	197.0574188	11.99257326	7.39360714	0.243154824	0	1.64776957	33.89789772	40.78780365	157.4202042	9.113585949	0	62.77506638	0
pas19	135.9858704	0	3.485859632	286.0684814	14.79030895	2.157485485	8.13E-05	0	0	4.859061241	87.48970795	0.299137384	0	2.577760696	0	0	11.13447952	0	10.83122349	0	0	12.00550652	2.296396971	2.377858639	101.0298004	12.84680271	2.732559443	0	0.60757637	0.734972	16.57536697	32.39916611	152.368988	9.330263138	0.413777083	31.03064728	0
pas20	195.8639984	0	4.202580214	289.7214813	15.47607183	2.965465069	0.737454861	0	0.019115783	1.147168815	63.85905647	0	0	3.380372286	0	4.529978991	9.110752106	0.216469079	10.46644115	0.501909852	0	0.703081638	3.668917418	1.680847943	92.52103043	10.25402784	7.581906796	0.092149969	1.583699286	0.71545437	45.08796501	31.45586491	190.5087662	9.599022865	0.150554426	79.34231949	2.564442754
pas21	231.3179932	0	5.104825974	385.793396	16.36057377	3.456750751	1.091046572	0	0	1.48252666	119.2008133	0	0	4.964890003	0	7.874842882	12.88640404	0.876425236	13.68205547	1.665580451	0	0.306607604	2.796383739	6.796331167	129.4900208	13.70666647	8.460684299	0.520758152	0	0.728883594	25.0452261	23.38227081	145.9588394	9.990262032	0.026466542	99.83118057	0.29237482
pas22	253.7919617	0	4.807489395	366.2827759	14.71738338	2.527175426	1.533213854	0	0.367555231	0.490704119	145.6140137	0	0	1.890254617	0	2.672221422	11.09877205	0.023511814	13.62949085	0.895254552	0	0	0.662722528	2.394147396	143.4927673	11.93835068	8.773949623	0	0	0.646075726	50.0044899	22.58744812	123.9628525	7.261008739	0	79.01647949	0.351846546
pas23	209.4751587	0	5.423860073	400.0985107	16.21657372	3.471487045	1.017767906	0	0	1.455611229	95.52426147	0	0	4.705807209	0	5.023695469	15.94174576	0.512571633	13.84554672	1.023952842	0	5.143692493	3.023675203	2.395980597	161.5687103	8.353198051	5.659090519	0.274667621	0	1.677981377	33.9777832	62.93425751	159.8885193	10.64770222	0.18421118	111.0929489	0.464615852
pas24	174.6567535	1.39320004	5.718313694	568.1679077	20.99223137	3.387178898	1.371883273	0	0	7.309362888	102.5229645	0.044687692	0	2.500829697	0	22.58750725	13.10378265	0	18.16556358	0.632835448	0	0	4.386693954	1.819494128	112.6884003	14.86646938	4.225812435	0	1.929193139	0.974198759	27.09573936	60.30150604	47.54774094	5.139751911	0	44.61457062	0.676749766
pas25	164.9238129	0	2.368577003	242.5489502	12.2290659	1.88533628	0.032551013	0	0	0	50.33560944	0	0	2.366214991	0	1.820778012	5.612355709	0	8.008904457	0.482587636	0	0	1.73663795	2.195043802	97.27342224	8.251829147	4.934997082	0	1.2930125	0.965735376	35.0724678	23.5933094	143.598938	8.331541061	0	52.09999466	2.09033227
pas26	254.9717102	0	4.481798172	413.1098175	18.40104294	2.352270842	1.265034318	0	0	1.175494134	174.2486572	0	0	1.578718722	0	1.922179639	12.88388109	0	14.97722149	0.244770952	0	0	0	1.482394636	105.7888069	11.24022532	7.339468479	0	0	0	33.55112839	17.41090298	181.8369064	7.920490265	0	51.85939789	0.656622887
pas27	103.8577728	1.135553002	2.305071115	135.565918	9.346055031	1.452252984	0.599964976	0.161402002	2.030328035	1.353775978	58.821064	0.631492972	0	1.349933982	0	5.104413033	4.585042953	0.427960992	5.370646	1.392986059	0	1.778565049	0.954768002	4.229874134	56.76527023	8.886228561	3.949749947	1.489091992	0.518625975	0.812385976	21.52132034	13.39241028	79.62326813	5.696653843	0.121945001	35.56404495	0.109277003
pas28	169.6881256	0	3.046011925	193.235611	8.615076065	3.240147114	0.266510397	0	0	0	67.49087524	0.468568921	0	4.54886055	0	0	16.06737137	0.220356762	6.591223717	0	0	15.16693592	2.696550131	0.02182477	103.7591553	6.623126507	5.49478817	0	4.503079414	0.493924856	38.76805115	100.7282867	120.9931335	9.890943527	69.96124268	124.0733795	3.711339235
pas29	155.5444946	0	2.544570446	195.2940826	10.38676548	2.047386169	0.082698829	0	0	0.343779922	44.53461075	0	0	3.896571398	0	2.555502653	6.036713123	0	7.367922306	0.683626831	0	0.311717629	3.311789036	2.592139006	90.03696442	5.281784058	6.859631062	0.38188532	1.035005093	1.147829413	23.77512741	29.5765686	166.9401245	8.749486923	0	41.90031433	0.77110815
pas30	147.7099915	0	3.563423157	287.865387	10.58103085	3.037097692	0.397755533	0	0	1.204753518	78.01174927	2.992555857	0	2.322581053	0	2.037747622	7.509782791	0.066114552	7.686540604	0	0	0.362725317	3.174437046	0.642969549	111.3218765	8.006949425	4.252325058	0	1.052015185	0.560632288	29.16313553	17.48872185	174.2723236	7.401768208	0	40.8312645	0
pas31	137.4397507	0	3.172221422	231.0260925	12.5683651	3.767210007	0.199822731	0	0	0	58.7438488	0.700760841	0	4.238362074	0	0	13.37139654	0.702143461	8.21340847	0	0	12.9406724	2.66813755	0.127760269	86.55997467	6.704972267	5.551222086	0	1.219324648	0.828711748	25.28746223	70.72401047	169.2467651	12.28574324	32.73758698	106.8907051	2.343909025
pas32	173.7262192	0	3.395348907	278.2589111	14.00383615	4.693563461	0.542064786	0	0	1.303791523	61.77654648	0.25295037	0	4.376134634	0	0.612510443	20.62521744	0.677514911	9.491917133	0	0	12.83603764	2.753180146	0.008956001	86.03403473	10.63450193	4.571697235	0	0	0.321369469	47.16184807	75.23388672	88.63167191	10.02836275	47.79289436	169.0393677	1.825854003
pas33	140.5083618	0.244589999	4.139010429	318.8704834	13.01179123	2.675299883	0.720493734	0	0	1.180095553	72.24761963	0	0	2.370342731	0	3.363244295	7.652804375	0	11.10826588	0.537698746	0	0.027834665	4.780730247	4.072763443	87.72517395	7.48130703	5.856379986	0	0.840641677	0.751549661	21.419384	94.60201263	106.4197388	7.200359821	0	48.89043045	0.102318853
pas34	195.5921326	0.212094575	4.554073334	288.0638428	16.89096451	4.10043478	0.983335197	0	0.378126174	0.703068197	64.11180115	6.358039856	0	7.489690304	0.174734488	3.834460735	8.131278992	0.976393044	20.46134567	0.724165082	1.580514193	3.608918667	4.796885967	1.047622919	112.5911102	4.164849281	7.365894794	0.684904993	10.63151073	2.719162226	20.46940231	27.22705841	216.0557251	9.446990013	0.86174351	37.91939163	1.828946114
pas35	197.1513443	0	2.10444057	219.6424866	16.66813564	1.272172749	0	0	0	0	143.77108	0	0	0.823155522	0	16.55797291	11.17383385	0	7.595421076	0	0	0	0	2.395970464	118.0591698	13.11287451	5.800357819	0	0	0.415119916	49.09036255	20.39794636	161.135025	8.152613163	0	37.62017441	0.483626544
pas50	326.9697418	2.037354708	6.844694614	271.1439056	18.52206802	0.941040903	2.141181946	0	1.403037786	4.207481623	93.23960114	0	0	4.185245991	0	15.44472837	51.82300758	1.735121906	6.531242847	1.209456921	0	0.755646765	3.618598223	2.148021936	91.15193558	15.85315847	5.34454608	0	1.396660507	0	0.158162013	12.49553967	196.7076721	8.879435062	0.372357577	111.5764694	0
pas51	328.6044006	0.811355829	3.727017641	160.9444427	8.452202797	0.492589325	1.513039231	0.060541056	1.487622976	3.438657045	108.0975113	0.346292883	0.157462448	4.505662918	0	24.81746101	77.84085846	1.88258183	4.92758894	1.007805109	0.081082158	0.703375518	1.896773934	2.411545515	130.6001129	22.57229233	4.311364651	0.402155787	1.470528245	0.499924302	0.696664274	10.66221428	212.3530731	10.29262161	0.969955385	84.65718842	0
pas36	197.246109	0	4.011622429	250.9491119	13.11904335	3.760189533	0.289984971	0	0	4.895940304	72.14061737	0.12018428	0	4.927167416	0	24.46470833	8.076455116	0.42501846	8.710679054	0.620391369	0	0.692438602	4.176506042	1.49806428	111.1037598	9.711891174	2.093646526	0	0	2.754806042	14.34110737	87.83434296	69.20944214	7.106744289	0.403393567	54.89084625	0.196115494
pas37	143.9764252	0	3.696100473	258.6395874	15.67092896	2.938774824	0.756381512	0	0	2.333566427	104.3351898	0	0	3.103681564	0	16.19751549	15.24760628	0.003604977	8.832287788	0.492761016	0	0	4.835170269	2.415898323	100.220726	10.60117054	5.071619987	0	0.932337344	1.091464639	42.26461029	32.43120193	56.47957993	5.726890564	0	73.16867065	0.612419546
pas52	252.4643097	4.405074596	10.57419968	247.286377	24.27321815	1.6123842	4.133593082	0.372008562	2.6445508	4.469423294	163.0631714	0.098311022	0.916960657	3.44519186	0.627612889	30.64019775	55.59913254	2.09684062	8.071802139	1.858879328	0.070877813	0.593750179	1.932747126	2.349444628	116.7610855	24.6588459	5.325942993	0.022129023	0.828298569	0.253017902	0.056779802	9.963608742	225.631546	9.352861404	1.472336888	78.08325958	0
pas38	277.0272369	4.685465574	7.170421362	526.4784851	22.15806866	3.993658781	2.78014338	0.059483316	0.284137383	2.25294292	182.9739609	0	0	2.716102839	0	15.94443417	6.118897438	0.079584431	18.1809473	1.866568208	0	0.240244918	3.950638056	9.191278458	182.5420532	20.05055332	8.032143593	0.389790624	0.882322043	3.093420744	47.42326355	54.76297379	169.7573013	10.63222265	0.201874182	53.70241928	0.759852439
pas39	192.8632355	0	4.253299713	404.1357269	14.89441681	2.272850037	0.982530564	0	0	0.677241057	117.0617828	0	0	1.338214159	0	11.3192091	11.87371016	0	14.83197689	0.967512846	0	0	0	4.116028309	105.1268768	16.51505089	4.917862892	0	0	1.092228353	36.2558651	18.27685928	73.87633896	7.230476141	0	85.39089966	0.124550067
pas40	195.9098511	3.346005917	2.787901402	207.256424	19.06020737	2.406380892	0.439939469	0	0	0.341068625	85.38224792	0.724487841	0	4.00795269	0	17.2364006	23.19573975	0.370745301	6.720598221	0.023177641	0	0.220476687	3.525669575	0.160073236	128.8077545	10.26031971	6.138459206	0	0.811564565	0.561375856	59.53510666	45.42314529	192.1533966	8.820527077	0	40.30361557	4.516551971
pas41	239.9177246	0.499502808	3.920860052	303.1430359	15.29040909	2.493658543	1.585167885	0	0.577107131	1.208486319	166.9299622	0	0	1.655608892	0	29.74646378	30.55035591	0	11.20797348	0.537754059	0	0	0	0.987186968	170.7314758	18.57079506	5.28300333	0	0	0.952069879	68.77536774	23.45958328	161.1078339	8.820160866	0	82.4130249	1.421004057
pas42	136.1224823	0	3.101732254	419.6531372	13.47616053	1.452600121	0	0	0	1.81602788	83.31715393	0	0	0.507015556	0	9.971124172	8.969987869	0	14.29363203	0.141138546	0	0	0	4.62211132	90.48598099	9.87780714	0.584870607	0	0	0.525514662	27.79324818	23.94250202	45.90066528	5.647610188	0	55.7327404	0
pas43	249.1334534	0	3.746511221	200.1320801	11.17278004	2.529706955	1.22537601	0	0.671909809	0	177.2121887	0	0	2.004228115	0	2.60013938	20.50939941	0.064441897	8.805395126	0	8.804409027	0.969541073	0.626759231	1.090572596	115.9827118	9.573645592	5.680792809	0	0.363682359	0.624904156	48.4704895	18.27156639	165.0727081	8.365960121	0	43.28849411	2.391896963
pas44	149.068222	0	3.732656479	383.7400513	17.60985184	2.178543091	0.187818721	0	0	1.184332848	96.13839722	0	0	1.464275002	0	14.96077538	16.11410332	0	13.29309845	0	0	0	0	0.58389914	115.5351181	10.9059782	0.087118499	0	0	0	21.35975266	10.31382751	27.17590332	3.520740032	0	65.12604523	0
pas45	107.2904358	0	5.8968153	439.7826385	29.248806	2.580155373	0.416397184	0	0	0.616371095	144.4908066	0	0	0.682108968	0	39.38014793	13.66040325	0	14.84538698	0	0	0	0	0	122.008934	8.636265278	0	0	0	0.792006105	11.34824467	13.46056509	111.1009712	6.377393723	0	63.21853638	0.410079613
pas46	222.5942383	3.616593838	5.800384521	513.8287964	24.96671104	3.795832634	1.311054826	0	0	3.413544655	108.2284088	0.476956487	0	4.041273117	0	28.14180756	12.27266312	0.156572431	17.47537613	1.124961376	0	0.073900625	6.480219841	3.337581396	115.4131393	20.35065269	2.098547459	0.412096143	2.493181944	2.469791651	37.85634613	83.60929871	62.96768188	7.482292652	0.114648029	58.64194489	0.726348698
pas47	181.7718353	2.512704372	3.549820662	259.2446289	16.19063568	2.825864553	0.663127184	0	0	0.777681053	104.6988602	0	0	2.709037781	0	5.064081192	9.510007858	0	8.621769905	0.490905017	0	0	5.206122875	2.72821188	225.5997925	8.982175827	7.739687443	0.379632443	1.236752748	2.064764261	30.96153069	25.44891167	153.3723755	8.535240173	0	43.24921417	0.776185572
pas48	214.8982849	2.659794569	5.062790871	236.4983902	14.08077669	3.589701295	1.311966062	0	0.933402866	1.057338715	143.9265747	8.097206593	0	2.590281606	0	3.682483912	14.17615175	2.120668173	9.206506252	0.942572743	1.097157061	4.832040548	2.579569221	3.11078608	175.0998001	9.052309513	8.17791605	0.200735904	3.91208446	0.883578628	50.74526596	23.53051853	165.5806732	8.489151001	0.337426901	87.31453323	2.281901956
pas49	160.3340302	0	2.234354019	276.4186096	13.64333439	0.631597459	0	0	0	0	126.0980759	0	0	0.169097394	0	5.18091011	6.90820837	0	9.799193382	0	0	0	0	0.548452079	116.5672302	12.56816864	5.141417503	0	0	0	37.07788086	9.181455612	118.9012756	6.891065121	0	41.63182068	0
ctr10	293.8457489	4.265071869	9.313004017	402.2762451	22.75300121	3.503941298	1.589249253	0	5.083756685	5.090421915	90.78152847	2.679204702	0	3.221595526	0	1.239929318	4.774645805	2.085345984	15.49731731	1.043889701	0.589336008	3.230600595	1.369129181	1.746599734	164.6081772	8.099768162	9.163434029	1.274877727	0.996615827	0	24.24862576	31.12822151	218.4713898	8.228560448	0	45.93902206	0
ctr11	333.9637451	8.758903503	9.423498154	115.5086975	12.49186325	1.086241841	2.939761877	0	5.929911613	1.497684121	96.53019714	1.798046589	0.826537728	3.309051275	1.032825708	2.220747948	20.77605438	2.990549803	4.483641148	1.263941765	0.679035366	2.489873171	2.318438768	2.560276031	155.6742096	12.97164059	10.17189884	0.412882507	1.693464279	0	0.000153146	7.692831039	236.4852905	8.167559624	0.66769129	29.9201355	0
ctr2	225.8002243	0.49476029	9.524401665	553.6476746	15.10553169	3.645517945	1.421989024	0	2.374608159	1.583529174	58.64487457	4.906970978	0	6.750487566	0	4.292126179	4.363268852	1.192244053	28.98258972	0.861446649	1.524421453	4.054591179	2.43253243	0.51883477	193.805069	7.548708916	10.24700832	1.29708147	7.716904402	2.205373526	22.14164448	24.99081898	282.4712677	10.19393349	1.038572192	25.22219181	2.117383599
ctr3	267.6527863	1.773004949	8.333212852	595.7349243	17.09934711	2.910737753	1.750454009	0	1.451756001	1.935089231	99.26228333	2.676518083	0	3.553294659	0	0.304690853	2.560542703	0.299468577	27.39265347	0.869095176	0.802798003	2.332915068	0.696491659	1.280290425	200.4384613	9.684580803	12.65512371	1.070824623	3.824633121	2.210274577	24.08722496	19.29597092	621.2449341	20.12782955	1.325872481	14.48145103	0.708197802
ctr4	129.8873367	2.05067265	5.269760132	269.9377747	11.84211349	2.54312253	0.493198529	0	16.05203629	0.958642125	22.13232994	2.838665724	0	4.833256006	0	3.070371747	5.862602234	2.294611573	11.55849218	0.655916929	1.357532561	3.679172873	4.218843222	1.782550097	111.2216072	4.793370724	6.590397596	0	3.125064969	1.081467867	13.9011569	41.03157043	142.6954422	6.682444096	0	31.97023869	1.21325022
ctr5new	227.0812378	2.607611179	7.410770893	455.2051086	23.96773529	2.603747845	1.018800974	0	4.300608635	5.046325684	77.21140289	1.825650215	0	3.743666172	0	1.358968973	5.196531296	1.961881399	16.79546165	0.828491628	0.741890252	4.892782688	3.09886384	1.243736625	183.9525604	7.635372639	8.422391891	1.923862696	0	0	18.75452995	39.7409668	222.9809723	8.579781532	0	32.87197113	0.329674304
ctr5old	209.8596344	6.231241226	13.44078064	489.0432434	15.41735935	4.13417244	0	0	2.932348013	1.131615996	68.95137787	6.978272915	0.843287885	6.214831352	0	4.026518822	9.861979485	6.880943298	19.9036293	1.949657083	3.759063244	2.357132196	8.205103874	3.976026058	183.9495239	9.648750305	10.53277016	7.211212635	0	2.505141973	20.35436058	80.48728943	241.2087555	13.71249771	0.507255077	66.17673492	1.152308464
ctr6	193.8076172	0	3.321295023	349.4958496	21.81024837	1.005668819	0	0	0	3.560481429	62.4298954	0	0	1.28598702	0	0	2.814999461	0	10.2194171	0	0	0	0	0	155.1027451	4.923105955	8.030001163	0	0	0	25.30994415	12.11591816	342.2008209	14.04437637	0	30.14933109	0
ctr7	349.9786072	98.87480927	11.92432022	471.6254578	29.94248962	3.054330587	3.395329237	0	14.13420391	6.479820251	188.1441193	11.03161526	0	0	0	7.595725536	12.10321426	7.102719784	26.42530632	0	4.233035088	11.48528481	9.541739464	5.162903309	230.9906006	12.8228302	13.17651939	7.044193268	13.22838879	5.011286259	28.76721954	97.40611267	326.1040344	14.68379784	1.418301582	43.85564804	1.081083655
ctr8	293.8457489	4.265071869	9.313004017	402.2762451	22.75300121	3.503941298	1.589249253	0	5.083756685	5.090421915	90.78152847	2.679204702	0	3.221595526	0	1.239929318	4.774645805	2.085345984	15.49731731	1.043889701	0.589336008	3.230600595	1.369129181	1.746599734	164.6081772	8.099768162	9.163434029	1.274877727	0.996615827	0	24.24862576	31.12822151	218.4713898	8.228560448	0	45.93902206	0
ctr9	293.8457489	4.265071869	9.313004017	402.2762451	22.75300121	3.503941298	1.589249253	0	5.083756685	5.090421915	90.78152847	2.679204702	0	3.221595526	0	1.239929318	4.774645805	2.085345984	15.49731731	1.043889701	0.589336008	3.230600595	1.369129181	1.746599734	164.6081772	8.099768162	9.163434029	1.274877727	0.996615827	0	24.24862576	31.12822151	218.4713898	8.228560448	0	45.93902206	0
