ID	CD45	EpCAM	casp3	CD45RA	CD69	PgR	CD56	TCRab	HER2	CD25	CD44	PanKer	TCRgd	pSTAT1	TIGIT	CD27	VIM	Ecad	PDL12	CD28	KI67	FoxP3	ER	CD45RO	CD19	CD24	CD38	CD8	EGFR	CD3	CD20	pS6	HLADR	CD4	PD1	Hist1763	CD16
pas1	271.4375153	0	3.334004164	85.004673	3.993237019	4.285442829	0	0	0	0	9.040052891	0	0	4.839100361	0	1.778611958	2.301911235	1.128379524	3.271572828	0.810141861	80.416996	3.933592796	6.901119232	4.960123301	269.534256	2.745039463	132.4762039	4.360594988	0	4.997356176	200.5350113	60.13904381	652.1794128	25.44088459	1.290721118	187.7764969	0.725672632
pas2	154.7550354	0	2.239882231	71.06513977	2.610144615	2.453271389	2.305876255	0	0.025496386	0	3.540011406	0	0	4.259169102	0	1.540230155	4.197309017	1.795235395	2.561327457	0	62.27209854	6.438973427	10.87273026	3.104896307	276.9525757	2.77107954	107.9816818	3.805126667	4.785353184	3.077576399	180.1933289	67.25701904	644.4197388	31.32151031	0.011432218	126.1567154	1.918193579
pas3	259.6502075	3.016433954	8.513776779	191.1658096	9.702365398	1.899135113	0.811853409	0	1.80946672	0.131873995	6.704993248	0	0	2.905473351	0	15.86940956	0.400074571	0.250039175	6.015048981	1.360040247	19.48930931	2.486271977	2.763050675	6.868348598	222.4907608	7.287715912	115.9690285	4.174812555	1.05627799	4.129776239	429.14888	62.4241581	807.9838867	33.38419724	2.210734129	81.48482513	0
pas4	163.1874313	0	1.630466938	83.13331985	11.28404427	2.6700629	0.824418068	0	0	0	14.934484	0	0	3.158496857	0	6.667913198	2.770597935	0	3.586103082	1.890247703	8.264491558	0.799488604	3.091172099	5.488286972	190.5689774	4.368050218	127.6362953	3.616998196	2.567468047	5.563045025	172.7181778	34.75885201	278.9416809	15.26626301	0.330642566	75.127285	0.086015929
pas5	188.0679474	0	2.96048975	66.04624176	6.730836868	2.081787825	0	0.638303936	0	0	9.968029022	0	0	3.64796567	0	5.244901657	1.725739956	0.190549508	2.259620905	2.735208988	31.16698265	3.885498047	7.637662411	8.524537086	278.3181458	3.351803064	127.2716293	5.150339127	1.274195313	12.2294178	233.4431305	51.79594803	345.5811462	15.95489597	2.138771772	73.26012421	0.518105268
pas6	299.1762085	5.155945778	1.485422373	131.5649796	14.91117644	3.216862321	0.294580758	0.606299758	0.586722732	0	27.06945515	5.174001217	0	2.953849673	0	1.80708763	10.34307289	0.701813161	4.806900799	2.731771946	3.875519156	1.7955724	6.058472991	7.047265291	249.1764679	1.812902272	132.8856926	5.468880177	2.10864675	1.784211606	203.6441727	44.42609024	589.4541016	32.96477604	3.603325367	45.70790768	1.572526656
pas7	201.7119141	1.145761967	4.022155762	264.2103882	10.82856655	2.842837572	1.558557272	0	0	0	20.96414757	0	0	2.432722569	0	4.767098427	1.800759912	0.037282255	11.15457535	2.095698595	8.123632431	0.089687377	3.210194826	4.154566288	219.3256378	6.676449299	151.2393036	4.630207539	0	4.610489845	197.7801819	58.88209534	292.8297424	15.63806343	2.10085535	85.01790619	0.310985178
pas8	265.1950684	0.066789918	131.2794142	53.3226738	2.593693018	0	0	0	0	1.18517375	15.43172026	3.582927227	0.821145967	5.153743744	0	6.670423627	0	2.435407877	2.182843685	2.049105406	11.95105481	0.332939595	6.516760826	1.575063944	215.9292908	7.389324486	73.07949829	3.756635666	3.75027968	7.372245073	237.6890182	49.68224907	916.5507813	39.1927433	6.941853166	39.972085	3.131566763
pas9	317.1390686	7.796886444	4.469896317	274.6735229	8.720568657	1.140630245	0	0	0	0	26.03579712	0	0	1.878815651	0	13.06533527	1.672987223	0.817090094	10.35961246	0	27.05161285	0	0	3.127391338	245.5119019	5.973062038	192.492981	5.648226261	0	1.784961343	336.2029419	40.74085236	666.9579468	27.33702469	2.60214448	79.64851379	0.564169049
pas10	213.7644196	0.087471716	0	307.3176575	12.59878063	0.130875543	4.288822651	3.730151653	0	6.883677006	0.613166571	0	0	10.34038925	0	0	3.138937473	0	4.125481606	4.396446705	32.00282288	0	0	0	69.75701904	0	107.783989	0	4.081691742	12.01334095	116.2638474	67.28174591	527.0303955	25.52725029	2.486747026	203.6542664	0
pas11	NaN	NaN	NaN	NaN	NaN	NaN	NaN	NaN	NaN	NaN	NaN	NaN	NaN	NaN	NaN	NaN	NaN	NaN	NaN	NaN	NaN	NaN	NaN	NaN	NaN	NaN	NaN	NaN	NaN	NaN	NaN	NaN	NaN	NaN	NaN	NaN	NaN
pas12	189.5571899	1.622528076	17.06755066	192.9992676	10.41233444	9.070222855	0.796117306	1.144399166	2.639115334	0	7.032518864	15.31302261	0	15.88603687	0	0.201021582	3.629802704	5.386123657	8.441365242	0	71.54125214	42.62139511	15.01073933	5.971665382	132.9953461	7.27938652	90.46917725	3.918766737	13.94566154	6.128098488	300.7870483	369.002594	274.4450684	27.70690536	21.36386108	363.2306519	5.799365044
pas13	276.2382813	9.877806664	13.81799269	379.969696	36.88512683	6.147650003	1.833677948	0	0.148186997	0.331518494	53.44826937	2.793986976	0.0988525	3.649186015	0	11.40168059	7.134012818	3.216436505	15.89370179	1.102054507	2.896430492	2.283208013	14.03153086	6.127942085	98.60584831	15.181422	115.1962357	6.111330986	2.800884008	3.243090034	182.3916092	60.71954155	246.8448257	15.99745989	1.490824521	155.0719299	3.486901045
pas14	226.1284103	0.294396579	5.460452795	59.91249847	4.36650908	3.326525927	0	0	1.025398165	0	8.865385771	1.481871724	0	8.580317497	0.017587196	11.53458571	0	1.054477066	2.000237703	0.653194845	23.16011429	1.046094984	0.937575728	1.47183919	290.0453186	2.80152148	196.015213	3.405560851	0.108101621	1.420257092	316.1018524	35.63600445	568.117218	23.77907848	0.96587646	64.27649498	1.07658273
pas15	254.0618744	0	4.404097795	287.214859	9.585166454	1.731337607	0	0	0	0	21.88981628	0	0	0.653471828	0	14.79362535	0	0	11.00277233	1.811375022	15.86404276	0	0	5.043463707	159.707634	3.674385548	135.588501	4.668269634	0	6.967962027	325.7689667	29.75596046	349.9804993	20.7312355	0.365003526	71.54194641	0
pas16	202.1445084	0	2.462278187	294.5208282	3.987827182	2.275361896	1.91177839	0	0.268843979	0.106891684	17.94675159	1.856928051	0.318773866	2.569302857	0.079703949	0.227027848	3.431635618	2.392918408	15.2479701	0.530800715	22.28803396	2.8960917	2.47235208	2.233081162	172.370163	3.859148622	87.11310577	5.593842506	0	0.154120356	167.8800354	89.33883667	926.7778931	30.16538811	2.226062775	58.74513435	0
pas17	255.9423447	0.476955354	3.005742073	214.6248474	9.209806919	4.414699078	0.49987752	0.492680892	0.363992751	0	43.38017464	0	0	2.53738904	0	9.658969402	5.929241419	0.828007817	10.44477224	1.959415555	7.740172625	0.94741416	3.318319678	4.000169992	179.1926498	5.231434822	131.8462753	4.789750099	0.596342623	3.908112049	222.9109116	37.24599075	495.5774384	19.09123516	0.928900659	84.82040787	0.424910173
pas18	292.3073578	1.172299445	5.478478193	340.1995697	13.78938103	4.133506536	0.317061394	0.062016494	0.562090009	0.598798037	25.18874264	0	0	6.126255035	0	4.515242338	4.771467924	0.564582825	12.12649965	2.517411947	17.94450045	4.197567463	8.201993465	6.223988771	256.0186386	7.510871887	149.4745636	4.76765871	0	2.59635365	230.5099792	88.20989227	660.3063049	27.93161869	1.14143002	146.642395	0.314207241
pas19	136.0846024	0	6.171136379	240.325798	8.132835865	2.002105951	0	0	0	0	10.19493771	1.518462598	0	3.132774234	0	0	4.848900795	0.299483106	10.53854895	0.045074396	35.94207954	17.2133522	4.022032976	4.573176861	167.7650146	2.27594316	117.318367	4.273317575	0.463157177	3.270276189	213.3848572	60.38754845	964.5825195	37.57885361	1.865814626	69.5623436	0
pas20	232.1483765	0.043042984	4.835596085	229.3541412	7.543877125	3.458396196	0.327486977	0	0.016150249	0	4.822631359	0	0	5.403726816	0	14.00961161	2.854914308	0.685747266	7.234507561	0.509432971	31.85003853	3.136389017	5.782377005	2.831039667	177.070137	3.682678342	160.6318207	4.828014135	2.991086483	2.571606874	310.2571869	116.8948479	689.5183411	25.55223274	1.261808097	163.3638229	2.682159305
pas21	325.3766785	0	5.274152994	327.9683075	13.43761206	3.996655345	0.753261328	0	0.118133914	0.12001412	21.27007961	0	0	6.647313356	0	11.03308535	4.199202061	1.248393655	12.57815123	2.856554151	45.99160767	3.655727744	5.003844023	8.599642754	297.0590057	5.967258215	207.9010696	5.924436569	0	4.530848742	257.3165283	50.45332718	758.1890869	33.17055511	1.511844873	204.6470032	0.297299936
pas22	249.5977859	0.457584009	5.373117447	369.9305267	13.5314064	2.029496908	1.709834754	0.270785689	0.981570303	0	101.5592117	0	0	2.03612572	0	1.606053114	10.08776379	0.203512639	12.61595726	1.030752361	0.225903273	0.708821774	1.992913783	3.652825832	210.3264465	23.10938644	103.0862007	2.587358356	0	1.728758752	168.3461075	43.38476753	191.3914261	11.35869551	0.089667618	125.456295	0.00511759
pas23	286.4248352	0	7.035571575	353.0737915	11.4700613	4.577838898	1.026710153	0	0	0	14.85111141	0.151960045	0	7.297626019	0	7.426129341	4.126965046	1.21743238	12.46199989	1.905322194	40.09014511	10.28857136	5.178831577	4.115944862	299.0930786	5.576178551	173.9540253	5.818352699	0	4.926719189	210.3396454	123.2912598	762.2927856	31.31314278	1.560606003	296.3126526	0.756110668
pas24	250.8512726	1.549524903	4.231058598	186.3812103	9.842675209	3.875983953	0	0	0	0.604752183	16.78561974	0	0	3.304983139	0	14.33471489	3.663882017	0	7.748418331	1.124830604	29.85027504	1.063335061	7.19942522	4.099567413	142.9795532	5.001625061	153.2099457	6.066223621	1.881198406	4.784591198	258.1560364	81.30922699	397.5282898	21.0634861	1.871508718	95.31717682	0.606793821
pas25	217.3606796	0	3.740472317	283.2702789	10.73278904	2.154343486	0.032980934	0	0	0	35.88862419	0.004197865	0	2.153950274	0	2.029592991	3.796441197	0.605341822	10.03932333	0	2.365021586	0	3.602617383	4.118806362	156.9056778	21.06200695	122.6143723	4.485958338	2.146669149	1.782908142	162.2662125	56.31115723	284.6186676	14.41307449	0.583834529	88.22222137	2.72173357
pas26	299.8651123	0	3.982563019	257.2091522	8.103409767	2.232533336	0.392185688	0	0	0	18.25075531	0	0	2.057996273	0	9.860021114	1.64892298	0	10.03533125	0.707327217	36.51640511	0.497920468	0.809926957	3.710239768	192.3263626	4.402467728	183.7160797	5.506068707	0.106219765	4.194263458	396.3657532	43.55568123	456.762207	20.24294472	1.338348627	127.9249268	0.785528302
pas27	180.9489899	3.269613028	2.690026999	134.0494232	6.559239864	2.386560917	0.977418005	0.859417975	1.851907015	0.193859994	12.80486774	0.882986009	0	1.488788009	0.178867996	8.268923759	2.231528997	0.660014987	6.526351929	2.368721008	17.49477768	3.671540022	2.050664902	6.83960104	119.3297958	4.666703224	132.4097443	5.370079041	0.823504984	3.884663105	186.6462708	27.93339157	484.9888611	20.87507248	1.877843976	68.72521973	0.210245997
pas28	235.8783875	0	4.925083637	257.5439529	8.28665781	5.715092182	1.747928917	0	0	0	24.01836967	0.401747286	0	5.918376446	0	0.091691554	7.880512238	0.685750753	7.976669073	1.058443427	26.81621838	27.26304531	4.149501801	1.421429157	161.5810471	7.712130547	114.3610458	5.138077974	6.59544301	2.879321337	171.8801727	194.1079254	715.6044006	39.02311897	85.42990112	286.1180267	4.037342906
pas29	238.4287567	0	3.145875573	169.1248245	7.365772009	2.990524054	0	0	0	0	5.824201584	0	0	5.280212641	0	16.96310329	1.64904815	0.184589095	6.03880024	1.637538195	47.34537125	3.256433845	6.066699982	5.71702528	209.5314102	3.033595324	156.8520584	5.67612052	2.103171468	5.420332432	337.658905	88.2265358	351.1962128	18.27237701	1.534537792	159.8078156	0.810049623
pas30	189.227829	0	2.345525622	164.5290298	5.426137924	3.77342248	0	0	0	0	16.32287788	4.764071226	0	4.104216576	0	11.73092747	4.73972106	1.25039649	4.063152432	0.037434779	22.45357513	2.627384543	6.89179492	1.419855177	186.9197006	1.74634403	110.2997208	2.018527567	1.325630307	4.479276896	262.2600555	42.25422668	875.2417297	30.7899971	1.291049063	183.2103729	0
pas31	184.2013779	0	2.817268729	141.5541382	5.252707958	3.471824527	0	0	0	0	6.560242414	0.201961793	0	4.483478069	0	0.790940791	0.501432911	0.715941787	4.934821606	0	31.07558632	19.60200882	3.884182215	1.366513431	126.9058266	2.535662651	106.1638908	3.593005419	1.831663549	3.749915004	247.0737457	132.0189209	598.2703552	34.62224388	40.0375843	196.1201401	1.083215594
pas32	218.8103333	0	3.026707888	171.0303955	7.626692772	6.095803738	0.457227141	0	0	0	10.42061329	0.341358781	0	5.370340347	0	0.855640709	1.955812097	0.64135778	6.301773071	0.35461551	62.45478058	23.75551605	4.59940958	1.42387116	139.8749847	3.025951624	121.3009567	4.317608833	0.303975046	4.155038834	342.524292	194.1249847	575.3254395	36.44974136	61.1774826	394.3861084	1.541509628
pas33	213.9433594	1.077855825	3.680190325	198.6235352	7.743678093	3.055835962	0.432719618	0	0	0	13.41610909	0	0	3.46586895	0	6.621779919	2.444621563	0.487610132	7.080108643	1.394029975	47.38490295	2.673040628	9.748970032	7.88070631	232.7096863	3.208343506	143.4534607	5.407269478	2.217284679	5.184370041	186.5075073	84.26193237	439.706665	22.62826538	1.322931886	175.6508026	0
pas34	264.9144592	0	6.242951393	200.1761627	7.55485487	3.627110481	1.1644243	0	0	0	4.553519249	7.612513542	0	6.816994667	0	6.777621746	4.174590111	1.827524304	18.49064064	0.678656578	34.18895721	6.677274704	6.358555317	2.693389416	203.5936584	2.19990921	109.2308121	4.430188179	7.673253059	3.574932575	274.8129272	60.11496735	637.8460693	25.20651245	0.765741706	102.2166748	0
pas35	277.2052917	0	4.090001106	208.6700897	12.44062901	2.91531229	0.140856683	0	0	0	46.42485809	0	0	1.602825403	0	17.2964859	8.075110435	0	8.333670616	1.355607152	8.407032967	0.018848328	0.098126531	6.097588539	197.2645569	9.911137581	114.1390762	3.457985163	0.109586313	3.603520632	214.401474	36.87806702	510.9906006	25.71415329	1.046488881	74.00521088	1.711909175
pas50	416.2649841	7.386131406	19.28279734	175.7029037	199.4521399	5.031897545	3.363491349	2.188672662	9.332158327	6.443750381	177.6036491	1.481120467	0.026116822	14.01427555	2.021973789	104.5183525	53.16690946	6.993941784	7.329004668	9.113032103	4.348281622	7.403795719	8.120773464	3.673915625	132.5800743	22.53324795	35.11552334	1.367525175	4.086803079	5.482094884	29.44626379	67.05104518	216.1514359	134.6349916	11.65734565	2631.48241	2.790557861
pas51	274.8679504	4.316443443	5.082228184	124.9864883	58.58499146	0.830233455	21.7692585	0.513521194	0	1.839270592	51.74305344	1.962210417	2.84698844	8.018306732	4.645307541	9.605232239	100.3044128	0.48378244	3.151870728	0.752149343	183.3015137	4.214922905	1.83631444	4.15689373	36.08306503	5.842270374	239.9690704	20.88322639	2.558359861	0	10.7260952	28.95562553	307.1852417	40.56175232	2.269842148	801.9940186	0
pas36	225.5114822	0	3.869034886	206.0718155	7.489322901	4.249189854	0	0	0.026872652	0	15.29102182	0.697719663	0	5.101853848	0	14.30692816	1.958021522	1.121923566	7.850974083	1.257225811	67.20043182	3.695815325	4.914172649	2.307308316	211.5163193	3.358210564	174.2435532	4.795605659	0	6.331069708	209.4578323	114.7234306	541.6251221	24.88453102	1.102073193	150.4123688	0.374993563
pas37	197.7490921	0.350334823	3.876507282	180.3795547	7.894205332	2.93447578	0.267104521	0	0	0	17.16779423	0	0	4.331115723	0	11.68041086	3.990968108	0.146444827	7.257047653	0.990724564	30.45154762	2.747571945	7.435792923	4.945897341	185.6156006	3.205704689	139.3495178	4.243525267	1.87841022	5.58919549	208.3753433	42.26361275	488.1763306	23.60461426	1.085014999	124.7296906	1.108363807
pas52	482.7383728	13.96678734	17.1833992	608.7119751	38.35100937	8.867808342	6.347380161	0	8.395028114	17.88565636	265.2141418	0	0	0.646862566	0	191.2591248	126.2577133	0	23.09511948	3.561925411	4.774222374	0.154389039	0	5.152541637	231.8363342	75.03325653	62.68279648	0.548696041	0	0.410420239	7.284463406	7.663120747	282.0177612	6.325814724	1.240420818	101.4447784	0
pas38	302.5530396	3.424923778	6.623143435	420.7713928	15.37452602	3.603230834	2.45361042	0.034267529	0	0.560258716	62.81728554	0	0	2.644790649	0	8.959034443	3.815936685	0.158070147	15.58324671	2.411510944	2.338540912	0.855622709	4.691606045	10.88810253	289.6858521	17.21490669	126.9026031	4.710366249	1.722772598	5.623799801	196.642067	72.87916565	355.7932129	17.30619526	0.526311979	82.07623672	0.772112757
pas39	270.3860931	0	5.050638199	359.9295349	10.65720177	3.228199244	1.931326985	0	0	0	23.6277771	0	0	1.090978205	0	11.64429951	4.888893366	0	15.17935324	3.092824101	17.4292202	0.091811141	1.19001478	6.540615559	178.0727386	8.396944046	143.0187073	4.98509407	0	4.796931744	217.7283249	35.19520378	415.9203644	22.29296684	1.27851361	98.21733475	0.806766838
pas40	282.7195435	1.88977623	1.947537899	83.46057892	3.543269873	0.822068691	0	0	0	0	11.35395145	0	0	7.56206274	0	20.47370148	6.065762997	0	1.910705209	0	20.35071373	2.826900959	4.185109615	1.578200102	364.5915222	2.891723871	109.3492813	4.804506302	1.067644954	2.343694925	237.6738892	60.90171432	817.8156128	27.79488945	0.928305805	110.1822281	7.909843922
pas41	350.6322327	1.25974369	7.786931038	408.7456055	8.289990425	2.13887763	2.564934731	0	0	3.008917809	171.9231567	0	0	1.206042647	0	5.493543625	18.69511223	0	14.04563332	1.134299517	0.344163328	2.015131474	0.775191724	0.706351519	222.3849945	28.32736015	83.97393799	2.713721991	0	2.156574249	228.779953	48.33602524	237.9540863	17.09747124	0.423887253	119.4955673	1.221167564
pas42	166.7101746	0	1.59731257	185.4499207	6.2570858	1.130642176	0	0	0	0	13.78679848	0	0	0.780609131	0	7.982946396	0.676100492	0	6.219070435	0.476571143	38.22947693	0.536817253	0.668728352	6.253417015	137.8564148	1.702270508	96.41984558	2.317238092	0	4.564071178	186.1612854	32.10271454	345.6911011	19.7199688	0	118.6686707	0
pas43	280.6235352	0	3.536948442	167.5463257	6.471372604	2.556169033	0.600383759	0	2.772729158	0	24.12805176	0	0	2.253652096	0.07943479	9.835539818	6.646815777	0	9.576515198	0	24.82686996	3.355522633	3.340950012	0.224265262	168.0668793	6.333022594	149.3141937	6.176344872	0.985436261	2.910418749	306.4126587	42.81460953	662.2322388	21.31096268	1.36849606	61.36875534	1.726099253
pas44	262.3742218	0	2.73866713	371.6971436	15.38930035	0	0	0	0	0.61926797	23.04166698	0	0	4.229904056	0	16.34120512	2.787321806	0	12.98800659	1.853631973	43.64759445	1.36695224	1.373521209	2.453052878	181.9809494	2.154337883	89.13668442	0.965541959	0	3.771183372	253.7645264	38.09353447	336.2925415	24.27323151	1.033752799	160.9059677	0.976622611
pas45	208.7439041	0	11.29598522	194.4471359	2.364673376	9.76148963	1.019061208	0.685964167	0	12.54817581	34.20621109	2.253300905	3.022738934	12.03134799	0	6.804211974	12.28017402	0	3.739896774	4.619952202	60.56274223	0	0	0.138219461	277.1500969	8.777059317	195.1766129	4.214797497	2.798955202	4.064734936	239.8894501	34.7222147	734.7408142	59.24154711	5.399296284	190.8943329	1.613197446
pas46	254.1594543	4.751037836	4.882367134	139.6795959	6.834609032	3.949593306	0.544287801	0	0	0	10.33554029	0.325251371	0	5.909662724	0	9.459073544	2.979507208	0.688779324	8.173669815	1.191320121	74.9435997	4.168205738	12.16801405	6.847880125	279.2382202	4.00998795	165.2113113	6.430199862	4.635980368	5.800038815	350.115799	89.78223038	470.0250854	25.7942524	2.62818861	175.3068848	0.792219907
pas47	281.7427063	0.999052823	5.820896387	279.7557831	17.53977776	6.444804907	1.095050275	0	0	0.513532177	42.79419899	0.432442486	0	1.933879912	0	14.51004696	8.373049974	2.336885154	11.0695262	4.880619049	3.30575645	0.586625397	9.509587765	7.342109442	368.7927551	12.76584911	126.298439	7.706146479	4.341018915	4.535959721	200.3435669	73.53468704	242.188385	13.04747772	2.643736839	69.52669525	2.05735755
pas48	235.2383575	3.371128321	4.876750946	61.5942421	3.942792654	4.126710415	0.774411678	0	0.806968927	0	20.62025642	7.830191135	0	3.475073576	0	5.426227093	6.699051857	2.598339319	3.464351177	1.287660241	54.81764984	8.290232658	3.983148098	4.767752647	214.3216095	4.03045845	96.71161652	3.188461065	4.645549774	2.638190269	247.1000671	45.5723877	651.2528076	24.70773697	1.511247158	186.9104004	2.401572943
pas49	228.8960495	0	2.472445011	262.9920654	8.569077492	1.087967217	0	0	0	0	25.33952999	0	0	1.032006025	0	5.07607913	1.40802592	0	8.798661232	2.03357017	25.08576488	0.583052099	0.372799918	2.302721262	171.4472351	4.406116009	127.4748344	3.742056251	0	2.769513488	243.0189285	34.526577	667.048645	28.37085819	0.643136531	129.0965958	0
ctr10	311.4769592	3.723534584	11.65960503	433.8771362	33.44684982	4.049071312	1.275620818	0	0.562805951	3.340133071	40.10041618	2.957289577	0	3.016071439	0	4.244674325	8.316015244	3.799483895	19.0149641	1.737752736	6.086946487	7.962850332	4.5187819	3.304176688	284.2455139	15.13394547	96.85613251	2.600597262	4.633289576	0.539439797	135.9334412	28.26910877	344.6590271	14.10915565	1.127503604	55.28668594	0.11518763
ctr11	NaN	NaN	NaN	NaN	NaN	NaN	NaN	NaN	NaN	NaN	NaN	NaN	NaN	NaN	NaN	NaN	NaN	NaN	NaN	NaN	NaN	NaN	NaN	NaN	NaN	NaN	NaN	NaN	NaN	NaN	NaN	NaN	NaN	NaN	NaN	NaN	NaN
ctr2	171.3023071	0.130484477	16.77813721	680.1147461	24.79545212	0.205276147	1.12308836	0	2.750335217	0.758070767	26.04873276	5.815981865	0	7.881229401	1.558046103	3.937231302	11.37563419	3.224986076	34.33872604	0	2.205928802	12.79732132	1.177913427	2.499702215	239.2466888	22.50811386	81.38273621	3.388310432	4.791385174	4.119344234	156.7609406	34.47398758	351.1720581	8.756724358	1.98782897	18.60609818	3.69807148
ctr3	212.7477112	1.993191123	8.397420883	718.270874	19.95209694	3.029858112	4.769062042	0	0	2.124430895	60.54142761	0	0	3.615942955	0	0.465985894	7.323654175	0.522442937	37.60269165	1.956209183	1.419605374	1.034359932	1.497225761	3.56188345	353.932373	33.94137955	111.8891144	4.97490406	7.424311161	5.960483551	134.1239319	24.82674789	823.4851074	28.21520805	2.533060789	35.07960129	0
ctr4	138.1044312	2.55583024	2.448778868	44.22514725	23.91505814	18.58633804	1.482441545	6.631877899	99.77108002	1.569496274	38.9070816	24.3216629	0	20.57323456	0	23.53471184	22.85508919	17.20433998	2.375914812	0.637663841	65.18875885	11.38604832	38.61868668	28.27783775	207.0326843	3.38051939	135.7499847	11.24328995	9.133318901	35.82852554	231.7936096	305.5979309	279.4949646	18.75854492	0	148.7653351	22.82022285
ctr5new	301.7660217	0.016259337	7.706504345	902.8660889	35.06986618	6.655306339	3.643038273	0.303430319	4.163820744	31.31902885	84.17151642	3.88162899	0	6.463837624	0	75.5019455	20.02830505	1.895672798	51.06442642	0	11.9130249	3.217345476	3.29799509	3.054958344	499.5057068	3.474172115	95.9550705	0	0.246893004	0.691609204	189.4572296	66.69644928	631.4696045	18.87393951	0	34.35639572	1.199787021
ctr5old	187.0757294	6.745163918	12.38246059	456.0332336	14.17136765	6.860280514	0	0	4.631204605	0	27.61952209	9.461290359	1.776329875	5.280948639	0	2.343456268	15.85626507	11.61891079	15.71611595	3.320693493	6.054227352	3.298064232	8.245010376	9.714864731	189.3458099	21.7416153	125.1159134	15.26831627	0	3.480649471	127.8221359	81.00786591	373.6261902	20.09296036	0.695032716	80.10084534	0.846002042
ctr6	156.421814	2.29270649	0.106348716	341.649292	19.02268791	2.833628654	0.525151312	0	0	0	60.04701996	0	0	0.15536958	0	0	3.700946093	0	3.658869267	0	0	0	2.396099329	0.705309153	224.4207916	23.77133179	111.3412476	0	1.481818199	0	156.002594	29.34443665	367.2487183	13.14299583	0	22.51711082	1.307819486
ctr7	293.0682678	127.7795639	11.59801674	468.7495117	24.44230843	4.251600266	4.55317688	1.236702681	13.26015663	1.633593798	184.2141876	9.377064705	0	0	0.654466927	4.433982372	12.39532852	5.496940613	28.04204559	0.033686936	5.054451942	8.184615135	8.453639984	8.439546585	333.7373047	19.25304604	122.8472137	9.359088898	15.93284035	3.356245041	142.5142365	77.89300537	412.8085022	18.1059742	1.049785852	53.91436005	1.667446971
ctr8	311.4769592	3.723534584	11.65960503	433.8771362	33.44684982	4.049071312	1.275620818	0	0.562805951	3.340133071	40.10041618	2.957289577	0	3.016071439	0	4.244674325	8.316015244	3.799483895	19.0149641	1.737752736	6.086946487	7.962850332	4.5187819	3.304176688	284.2455139	15.13394547	96.85613251	2.600597262	4.633289576	0.539439797	135.9334412	28.26910877	344.6590271	14.10915565	1.127503604	55.28668594	0.11518763
ctr9	311.4769592	3.723534584	11.65960503	433.8771362	33.44684982	4.049071312	1.275620818	0	0.562805951	3.340133071	40.10041618	2.957289577	0	3.016071439	0	4.244674325	8.316015244	3.799483895	19.0149641	1.737752736	6.086946487	7.962850332	4.5187819	3.304176688	284.2455139	15.13394547	96.85613251	2.600597262	4.633289576	0.539439797	135.9334412	28.26910877	344.6590271	14.10915565	1.127503604	55.28668594	0.11518763
