ID	CD45	EpCAM	casp3	CD45RA	CD69	PgR	CD56	TCRab	HER2	CD25	CD44	PanKer	TCRgd	pSTAT1	TIGIT	CD27	VIM	Ecad	PDL12	CD28	KI67	FoxP3	ER	CD45RO	CD19	CD24	CD38	CD8	EGFR	CD3	CD20	pS6	HLADR	CD4	PD1	Hist1763	CD16
pas1	271.2886047	0	1.443415761	3.272495508	36.8780899	3.220748425	0	8.515639305	1.192595124	72.66468048	123.4817963	0	0	5.695270061	23.93597984	160.9938507	9.383947372	1.403013229	0.818459094	46.69208527	0.820311069	22.74393272	6.790883541	182.821228	3.881625175	3.890339375	5.149556637	0.916666925	0	158.617218	3.777563334	2.498750925	8.330628395	69.36060333	15.7865591	56.81851578	0.384640902
pas2	226.7004395	1.734159112	0.265022166	3.279171228	50.97781563	4.635799527	1.754023969	7.245905161	0.552414827	94.74970245	130.5681992	2.841314435	0.502557293	3.783130527	18.33397293	156.3164749	7.969853401	1.344762415	1.249999642	29.81509304	1.586806655	15.75497866	7.871742725	119.0935593	3.299292326	6.936782837	20.1503849	0.907436103	2.03397131	166.4526215	3.254039526	6.446250677	7.051343441	87.04637146	25.54164505	75.20040512	1.260487765
pas3	224.3748779	0.8314538	2.237045288	3.524787426	44.66158295	0.838714838	0.341718137	9.471000671	2.31865263	99.46656036	71.66712952	0	0.016482089	3.072076797	47.60609818	163.1582489	3.824656248	0.451247931	1.931099892	67.93522644	1.230485439	14.68640327	5.508275509	204.3487244	4.713803768	3.808608532	12.62543583	1.858120084	0.571022153	203.0490417	4.29803896	3.358443499	11.83425236	181.3959808	13.53691673	17.94693375	0.008656465
pas4	194.2913208	0	1.18569684	4.529883862	37.40777588	2.514228344	0	8.728975296	0.537786543	91.28791809	109.002739	0	0	3.31791091	19.98068237	120.6701279	4.901918411	0.100753665	0.956042945	49.13217163	0.758673787	14.26896381	7.311069965	175.1555176	2.9322927	2.96522665	1.267026663	0.497299075	1.157562017	132.5809326	2.678444862	3.935041666	6.458620548	85.10910797	8.062563896	30.92556	0.257292569
pas5	182.0418777	0	0.965974063	4.324218512	48.06068039	1.95028764	0	12.72181988	0.442380905	76.10708237	71.81715775	0	0	3.708718181	22.11701775	96.19435883	4.607789278	1.054442525	0.472057313	65.13807297	1.438481987	17.5130291	7.657203913	179.915802	5.335566998	1.927594125	5.762118816	1.760434449	1.017001092	153.2547455	4.717506647	5.27587533	7.248644829	55.63885307	14.47798347	47.39000893	0.220728464
pas6	308.0182495	0.215776846	1.649698615	0.357610404	18.62106895	4.469744682	1.405448198	12.61604691	0.76998961	59.2777977	183.0008087	2.096955299	0	4.745584965	21.33944321	79.60905457	22.8283062	0.323351413	1.384178996	47.36709976	1.098782539	15.40792179	10.73824692	144.4616852	1.806249499	4.193647861	1.40661037	1.479111552	3.492363453	263.4832153	2.50731039	10.67968845	9.911571503	61.85086441	7.454514503	40.06967926	2.251630068
pas7	256.4534912	0.629665166	1.565178156	2.71417892	34.6106987	2.439419746	0.200992562	7.88505435	0.665008813	114.9456749	144.6328583	0.039239077	0	2.201559901	18.45672894	133.6765594	5.775236607	0.21602203	1.511759698	42.57727814	0.66925624	13.76286793	6.801972866	147.7765274	2.885326624	3.680448651	1.990429223	0.516349643	1.136977017	141.1787415	2.227669358	4.940188885	4.36347723	166.8868942	8.463046551	22.31055546	0
pas8	164.3055725	0	0.744132578	27.68908197	79.08881187	0.779769003	4.517286539	14.79575491	0	55.72008133	41.36488724	0	0	11.69260359	8.945531964	2.713503361	3.87945962	3.922729015	3.329385966	13.40899563	4.106820822	21.45811987	0	14.09780216	5.05262363	2.23325181	5.670417607	0.850897193	13.1593622	106.591259	0.412101805	9.026055336	0.358816177	90.31850815	0.703452468	24.21703053	30.53981197
pas9	353.7385254	10.05265999	1.067916155	0	37.16471863	0.898640513	0	14.44264793	0.947696626	119.4560089	212.3183899	0.195948213	0	1.156943798	32.10484695	158.035202	12.79615211	1.640163302	4.386940002	68.95240784	1.665861964	37.1071434	6.675784588	208.8637848	0	6.39640522	17.28007889	1.098805308	0	185.8290253	1.783805966	4.876267433	41.50036621	294.4807739	30.83323479	42.24599075	1.174051762
pas10	212.0040817	0	1.17007792	3.647548199	18.90356064	1.831659973	0.500567123	6.752385855	0.775625318	72.17375565	178.3144836	2.368418336	0	5.910055161	18.06774902	0	21.27779388	0.51789026	3.341020584	44.73230171	1.452963054	18.83764744	3.77218163	142.2784348	3.137191534	5.559437513	2.893376946	0.889725447	3.24683094	142.7627869	1.621247709	8.963495255	11.0303998	275.9234314	14.65923738	43.38133621	0
pas11	187.2401123	0	1.447811007	2.168691874	10.38665295	3.731470108	0.269185185	8.217875481	0.894863904	75.61705017	116.772789	2.376682043	0	5.231201172	16.4866848	168.6520538	15.58598804	0.734372497	3.223495245	33.72831345	1.557431221	17.77523994	4.472343445	124.3709488	1.026440024	2.813583612	1.095775127	0.749979615	2.15950489	129.0138855	2.5883255	2.066754341	3.554059505	213.9871979	6.257354736	37.1397438	0
pas12	143.4776306	1.768204927	10.27036905	1.81846267	23.0715065	7.662867069	0	19.3539114	4.142325401	79.41174698	48.60111046	14.97390079	0	14.79138088	10.12839222	9.145227432	16.66861439	4.558631182	3.634287596	34.11792183	16.74960804	117.5696564	13.90300846	92.12032318	2.111300349	6.073282242	10.48728466	1.928283393	14.27580786	127.5344582	5.493571043	232.4112244	24.18245697	95.25546646	31.2117424	212.8386688	5.57004261
pas13	193.312851	2.906425476	2.109094501	0	20.43916035	2.913589478	0.891380489	6.729355097	1.057744533	72.70305634	90.76587296	1.30942148	0.426670507	3.331364989	22.64766979	121.2056503	25.27785206	0.837874979	1.901459038	27.0654335	1.12340796	19.51115894	6.522406578	97.90784073	1.020450532	3.572182417	9.774945259	0.848093003	2.572558999	114.8157578	2.262874007	7.193584442	16.58450413	137.1292648	16.21210098	55.70281219	2.213771939
pas14	366.9594116	0.386739641	1.311921299	0.041622726	32.01474667	3.232117057	0.180121988	12.92612505	2.343513727	179.9490967	195.5360489	0.393346369	0.781088322	4.958066463	38.28184128	157.0781403	16.79096985	1.302785933	5.405988455	61.37801361	1.387980163	30.56441307	7.24984169	227.8484726	2.035597205	6.037802935	8.471551418	1.467965543	0	200.6171646	3.287908316	8.173681259	42.33934975	215.4273148	21.24741268	47.42756271	1.772102118
pas15	301.2727966	0	1.290175915	4.989628315	32.27235794	1.280250192	0.062353335	12.01948357	0.255682379	77.76383209	240.4698029	0	0	0.889047861	20.29293251	211.1895905	14.55716228	0.423332572	1.079983711	53.94498825	0	18.99869537	4.347401619	179.2070313	0.872650325	6.282645702	4.960855484	0	0	174.2709961	2.844599485	1.919085026	6.6582551	245.0185394	11.32861614	49.04225922	0
pas16	221.055069	0.074586175	2.348117113	4.840602398	17.52254486	1.989298701	0.356998593	7.554023266	0.900340676	61.90646744	153.2837677	3.835443497	0	4.060500145	11.99135399	0.026962807	5.819263935	0.59886384	4.958513737	26.37567139	2.572752953	15.7802887	4.15667963	95.05728912	1.077702522	6.261182308	5.147743702	1.846378088	4.0469594	138.8313751	0.840593755	8.795026779	4.775756836	213.6447144	6.903747559	19.58719254	1.023682714
pas17	312.0452728	0	2.023686171	3.002265811	26.21889496	2.365296841	1.25006181	14.22779751	1.695015013	96.01746368	250.1092148	0.4445775	0.506527498	1.981338978	12.80495739	162.0582886	11.57800102	0.441909313	1.408766568	43.54029846	0.685532153	15.08549213	4.757297993	168.8458862	1.213725448	7.691358805	2.071360946	1.531778455	0.235250682	167.8285751	2.723508	2.028428435	5.996375322	179.8606567	5.376565456	42.78503418	0.19181522
pas18	306.1390839	0.760074258	1.682251692	4.00237608	34.43238449	2.507937908	0.034385115	13.8424058	1.050957322	83.16400909	148.3401566	0.53268075	0	4.459401846	19.81188393	205.8901062	10.82388592	1.20393908	1.130549848	55.95710754	1.024626434	18.15836143	6.265972376	190.2207184	2.421033382	4.605335951	3.123383522	1.461091936	0	214.4899368	3.717610478	5.741658449	8.647201061	241.1083298	8.225871563	49.08920479	0
pas19	184.4737091	0	1.003995091	3.27507174	34.30208397	1.610025823	0	7.30059576	0	56.06158638	111.7917633	0.60443294	0	5.320202589	18.86360168	0	9.623164177	0.010521082	1.981795192	30.23339462	0.398062542	32.52194786	4.678090334	105.08638	1.842642367	3.226281524	3.154017568	0.632931381	2.162202716	133.0423203	0.882460117	5.34352684	9.667963028	189.2776718	9.356172562	28.41840172	0.01348228
pas20	257.1456909	0	1.3627491	3.833108306	40.44776917	2.521851897	0.29681702	16.59697151	1.395658731	86.24603271	91.15862274	0.040518912	0	4.71429491	28.14973354	232.1606598	13.17439127	0.695825338	1.535911977	45.23414421	1.564957619	21.05806923	6.079254389	188.646019	1.559444189	3.001060724	11.87682724	1.515587807	2.082770586	209.5262604	4.134412766	4.421686172	5.128466368	169.4629517	12.93949032	75.08966446	2.398921251
pas21	347.6970215	0	1.578116298	6.44961834	36.11237335	3.009171247	0.419329256	12.61161137	1.230139136	89.24928284	191.1647034	0.150371864	0	4.327973366	21.37517357	223.3888092	16.8585701	1.338737249	1.471903443	63.59711075	1.365185738	16.58297729	7.836558342	278.1103821	2.072498083	5.470033646	2.710204124	1.429714918	0	212.7762451	3.740050316	2.066088915	4.57965517	264.4709473	6.872992516	65.38504791	0.116209865
pas22	319.7333832	0.558856815	1.815675497	3.852291703	34.5467205	2.158643246	1.56751883	18.01743889	2.382940412	78.55017471	238.2152405	0.529841185	0.441712752	1.525435567	20.7585001	172.3072281	12.22836971	0.50356856	1.383865118	43.36392021	0.693957895	15.89594936	4.923210382	179.5931396	1.308873951	7.325714588	3.542782426	0.926951379	0.025561428	211.2836914	3.184377551	2.587344408	4.439953566	241.133812	8.043503761	49.83499336	0.215700381
pas23	294.8679504	0	2.070991635	6.469905138	34.80046654	2.903636217	0.182035245	13.16351557	1.155326247	90.39160538	158.6795883	0.224654466	0	4.518265247	20.04229832	227.8557739	17.88561535	1.019213915	1.178607762	48.70451164	1.130942881	21.62835598	5.979417801	175.424202	1.931252122	4.409822464	2.061530471	1.073519111	0	221.570961	4.062374353	9.479240894	5.79631567	205.5447006	7.413942337	65.58642197	0.378109112
pas24	196.4021606	2.880810499	1.143049479	5.716957569	26.60692787	1.814812422	0.112771302	6.191394329	0.480686188	82.37973785	118.4329987	0.454146534	0	2.507004023	17.17267609	163.2216492	9.227088928	0	2.876938581	28.70243835	0.396164715	14.71176434	6.883545399	121.0615234	2.379327774	3.4304986	3.948559046	0.95887661	2.76484704	130.9726715	3.128313541	6.096960545	5.228536129	170.7568359	10.46474838	29.0316658	0.672445118
pas25	286.3149109	0	0.575737596	3.669692755	29.59786224	2.448450089	0.079324961	14.05051994	0.690687895	75.14795685	106.608284	0	0	3.356963634	8.693375587	151.9357758	15.91329956	0.294106215	1.32126236	49.22167969	1.064485312	18.22147942	4.889008045	159.0449066	1.386530638	3.076502085	2.390134811	2.51787591	1.855080605	213.8742676	3.109863043	2.823132515	11.50809669	182.0849152	6.94946146	52.66270065	2.673726082
pas26	337.4371033	0	1.875410199	5.162211418	30.29523087	2.149701834	1.2659868	16.8175087	1.437992811	107.7566452	292.0080872	0.06820178	0.099129058	1.910576582	24.39512825	290.2672729	17.53876495	0	1.684676051	56.52382278	1.609155178	16.15976906	5.474730015	195.2403412	2.089335203	8.440446854	7.646699905	1.238250613	0	218.0858002	4.691274166	2.156750202	3.986553907	297.2765808	12.19525623	50.69010544	1.099229097
pas27	150.7417068	2.968822479	1.670007467	3.653675079	23.10470581	1.627134025	0.669708997	8.443911076	4.917807102	78.8829155	84.35367203	1.092644036	0.378232509	1.554502487	14.39058208	109.1195679	5.299592495	1.125461996	0.99553299	36.33738899	1.279743969	15.63065529	3.080882072	88.51293182	1.809345484	3.919470549	3.928966045	3.307572007	0.851563007	79.54140854	2.777513027	5.857445478	8.819966793	122.661068	7.860474348	29.81399918	0.055522
pas28	186.3218689	0	0.771383345	1.586493015	19.77387428	2.246394634	0	9.809642792	0.322688401	41.3656044	89.72251892	0.832097888	0	3.135503054	5.906057835	14.35023499	12.18297768	0.182711914	0	16.99197769	0.564260244	37.09251404	3.732016563	63.17017746	0.455096006	2.063077211	1.184928536	0.029707059	4.431904793	136.2509613	1.404093027	70.80944061	4.512834072	132.7666779	78.70949554	49.69659424	4.048199177
pas29	195.8797913	0	0.710247278	5.685050964	45.28834915	1.70731473	0	12.31938934	0.814950109	84.2522049	68.94216919	0	0	4.087480068	17.49679947	203.7185516	6.26660347	0.17625387	0.996222734	40.19538879	0.956340969	16.67097855	4.175568104	146.0357056	2.321041346	2.116122723	7.324643612	1.067788601	1.033110976	159.451889	4.166678429	3.912403584	4.23392725	133.5388947	8.735795021	41.40261078	0.59899503
pas30	208.9445038	0	1.294564247	1.505663276	24.4388752	3.61542201	0.034043245	8.676158905	1.467243433	91.76422882	154.0651703	4.24049902	0.105526447	3.040169477	21.30671883	202.5014801	12.87512779	0.93785429	0.83617717	34.93166351	0.265088201	14.02653694	4.092618465	89.42175293	1.064771295	2.900709152	1.086745262	0.736247122	1.379644632	158.9178009	2.570792437	2.524564028	5.739850998	241.695282	5.397399902	35.62067795	0
pas31	172.5736694	0	1.098950148	1.521749139	40.32250214	3.004776716	0	18.54294968	0.531726301	61.60933685	74.39745331	0.56681329	0	4.286828995	9.1127882	13.31873798	11.6968708	1.107367396	0.288171828	33.25801849	1.280599594	43.63947678	4.797030926	87.20735168	1.209015131	1.845519304	6.443014622	0.400097907	0.88459307	141.0993042	2.196652174	34.96302414	6.844749451	124.4768677	44.00556946	78.66793823	1.799404383
pas32	167.2525711	0	0.359196156	2.289201021	35.76580811	2.602129698	0	17.33186531	0.048966242	45.52775192	65.89313126	0	0	3.051442146	6.134495258	10.15752506	14.39603758	0.718814969	0	21.24218845	0.380751848	33.95218086	3.21847403	62.60655212	0.578005642	1.525643408	2.822577357	0.135594688	0	137.838028	2.050431252	41.54568672	4.111929655	121.9435997	55.22641373	66.03192902	1.467873335
pas33	188.0631409	0.257158756	1.315012217	3.778593302	26.18953896	2.101321936	0	7.959516525	0.87688446	110.6599655	96.64633942	0.067701042	0	2.166728258	22.92420387	149.558136	8.656208038	0.058300827	1.837635159	33.76329041	0.95093441	15.43318939	7.375456333	153.3695831	1.656861424	2.653026342	5.405885696	1.14649725	0.88070035	145.2529449	2.495607138	6.097856522	4.867982388	154.300415	9.8209095	36.8330307	0
pas34	299.7296448	0.361446291	3.364481926	1.64054811	27.53207397	5.109836578	0.699223518	13.80955315	1.363414049	79.27337646	106.8290405	9.254533768	0.336296529	10.15640545	33.5477562	176.6019135	19.12584114	2.216280222	14.94362354	46.95885468	3.727623224	24.63990974	6.162990093	99.21814728	3.082569361	3.965863228	28.21489716	3.542281866	14.39416027	211.3753662	4.182269096	6.246820927	12.79533195	230.8427582	18.67679214	51.93759918	2.903080225
pas35	324.4361267	0	0.702093065	0.553067029	34.08928871	1.260409296	0	17.98346996	0.725456178	77.39032364	174.0995941	0	0	0.993103236	38.21760941	172.8359375	12.74971056	0	2.90073216	53.99447632	1.794895768	25.87753773	5.443380356	181.2891617	1.710050583	6.197912216	15.21993446	1.698216319	0	197.9527588	3.100691915	3.975804567	42.69974518	195.3697128	26.91697598	44.0603199	1.102039874
pas50	435.5071411	0.835906565	2.271548748	1.749022603	45.62072372	0.121142954	0.881823778	12.70435047	2.114878893	97.86439514	146.1824036	0.209861055	0.567822218	6.626049042	13.16254997	241.7964783	44.68573761	1.928260207	0.93616724	53.28178787	1.220267534	15.98554611	8.054541588	173.734726	1.335478187	2.966113806	1.745389581	0.55074656	1.427589536	119.6461411	2.530297995	0.874101043	9.055674553	211.540741	5.763505459	124.2995071	0
pas51	522.0561218	0.652551204	2.339022636	2.670353651	55.28133392	0.430401757	1.692911327	16.06098747	2.823574901	102.6042747	174.3075027	0.713402629	0.985890836	5.235246897	20.44256496	347.0225372	47.7420063	1.959693789	1.772469044	67.83509064	1.5957551	18.63584518	7.556823254	210.5737686	3.537918687	3.768369436	4.751523972	1.879992425	1.702236474	196.0897141	3.830754757	2.739514351	27.6736021	232.8164215	13.72787905	90.23329544	0
pas36	214.6786957	0	2.097994089	4.908552647	37.75314713	3.0423944	0	12.1088953	0.673772693	81.76661682	118.7626572	0.693873763	0	4.076881409	16.60922432	204.6126404	6.104794979	0.975922942	1.209241629	41.70886993	0.513728678	16.71887016	3.598265648	102.3370743	1.86555624	3.512833834	2.093179226	0.480155557	0	165.4332123	3.906437159	11.53178596	4.50736475	209.8400879	7.699341297	29.8413372	0.162412554
pas37	227.0302734	0	1.060962498	3.14569056	25.37019539	1.556894422	0.044120964	7.202026606	0.247750223	68.86122894	124.9606476	0.287817687	0	1.470327199	12.40829325	112.1427116	9.36534214	0.251136713	0.844561785	34.27713585	0.142751351	15.52959919	6.265292645	121.4188995	1.236174822	3.387401342	2.401012421	0.690650076	0.932202816	152.4116669	2.446732521	4.177786827	3.414394855	189.1887665	7.57467556	33.54134941	0.320624635
pas52	512.2237396	1.559415877	4.0470047	2.005382359	54.59081459	0.633070797	2.749616385	15.82154465	4.088012695	125.644352	246.6188965	0.81409511	1.642677903	3.925247669	22.5813179	320.840683	79.71672058	2.091448069	1.802352428	84.60415268	1.831246257	16.89156628	8.19649744	275.3860321	1.813777268	4.773906708	2.379029393	1.032635152	0.746312231	199.2241135	3.190071821	1.816685796	26.13542271	243.3387604	14.94513798	139.611908	0
pas38	367.3414459	4.073177576	2.652953744	7.610674381	26.05918026	2.330584645	1.720478892	13.80173588	1.448622584	105.559288	263.6219482	0.308864504	0.633522213	2.323281407	20.9255352	209.5674362	5.764391184	0.673954159	3.225449562	53.67050171	1.506974459	16.11858654	8.529904842	259.5823059	2.28104341	7.761199236	2.998028159	1.636505902	1.16566211	286.756424	4.168586016	10.90801334	13.77937269	232.448494	7.17675519	21.84285355	0.252916113
pas39	261.269043	0	0.846468747	4.881422997	24.89954853	1.174142778	0.618813097	15.11899424	0.495751604	80.39965057	174.6557083	0	0	0.679552555	17.26340675	172.9567108	11.33309937	0	1.137591481	48.51822472	0.818404824	19.38816071	5.721560717	217.4180679	0.457594857	4.877583742	2.37580955	0.671427935	0	148.1647263	2.702780604	3.679553628	6.531081676	180.2273254	5.532123566	41.20022202	0.147457466
pas40	332.0862732	6.79791069	0.785821557	0.747912407	41.01789856	1.956920624	0.87921679	12.41274834	1.432351947	92.27297211	146.1046143	0.932015479	0	3.442997694	37.77004242	256.7419128	42.69818115	0.995647967	1.112825632	59.84696198	1.395685911	24.03918076	6.330193043	176.4699097	1.101612926	4.108004093	2.710747242	1.213105083	0.643041432	213.3149261	3.363755465	4.086082935	24.24985313	175.801239	16.66274452	63.97633743	3.910102844
pas41	386.4459381	2.72420156	2.373429656	58.77009583	48.28521729	2.635494113	2.666272402	16.84009838	2.977188587	82.80105591	235.3489075	0.703221053	0.413013399	1.322998881	19.10760403	149.7870331	22.99866199	1.301868796	4.39280653	53.14327812	1.087566972	17.38939571	4.139527082	181.1358109	1.58810252	7.18252039	4.239781857	1.24932158	0.6922324	219.4482574	3.4982934	7.779774666	7.047245026	239.3011093	7.541373491	56.07766342	1.008559942
pas42	189.3232346	0	0	4.788997173	18.33890915	0.550204694	0	10.45512772	0	73.31771851	144.2068481	0	0	0.595465541	11.39226532	124.3877258	11.18158293	0	0.529876679	32.93977547	0.101602238	21.1147337	3.18893373	125.0981598	0.231090933	2.637065887	0.802475005	0	0	106.2721863	1.193083405	7.201596498	4.925255537	164.3757248	6.160999537	39.94070053	0
pas43	320.4613342	0	1.946238816	2.505188107	38.49621964	3.106686115	1.204929769	9.055764675	2.132587194	63.31594086	228.761528	0	0	1.774204433	17.96690369	178.5407867	28.12076378	1.057568848	1.752756536	41.89181709	9.00245285	19.23997879	3.027339339	82.5162735	0.628264993	5.746711731	3.537119865	0.583845347	0.812659115	162.6266022	2.634684443	5.001784325	3.548441291	173.1953735	5.48505187	26.78718472	1.781687081
pas44	206.5941772	0	0.980182469	7.042834759	36.36018372	1.965530515	0	9.180501938	0.469626129	75.24229431	187.7075195	0	0	1.563041329	12.76860332	214.4836426	15.24181843	0	0.506585717	24.78461456	0	19.65899849	2.636826754	87.90548706	1.874042392	4.923331261	0	0	0.276365668	140.2005768	3.117101669	2.954097509	3.337936401	207.2364044	5.80512476	42.95384979	0.074245691
pas45	212.3974838	0	4.575209856	1.125394464	34.85039711	1.71491164	0	9.401281357	1.261084944	77.17254639	197.5291672	0	0	1.065672934	9.935786724	157.0566254	15.36565876	0	0	25.51033783	0	14.74479103	1.38159591	107.6298904	2.220938444	5.161735773	0	0	0	129.5250435	1.432887018	0.634567201	4.516718149	195.2070541	5.812492371	57.30814362	0.959694356
pas46	251.4797058	4.385614872	1.547489464	3.993865609	36.95813942	2.782139063	0.315477788	11.44471645	1.16636157	116.411869	116.289196	1.246868849	0.030449672	4.101511717	32.98524857	222.2879181	9.678809643	0.831423432	3.757459998	60.26465988	1.968904853	21.1864481	9.055347919	149.0713196	3.19225955	3.740540862	11.66201878	2.865317464	3.054738283	175.1237183	3.870886445	12.07006979	15.53634262	182.0048141	18.87256718	33.74089432	0.816667497
pas47	272.8045807	4.677534819	1.908446133	1.825564981	33.66519737	2.645229936	0.707244486	9.405911922	1.176138222	123.0029831	135.6348343	0.307127595	0.079691857	3.710116148	33.0341053	195.5714417	17.15693092	0.829815984	2.836856723	52.20977211	1.149453998	17.61089325	8.782600403	167.0361633	1.798816681	4.100421429	8.228857994	2.59354651	1.724508703	175.9243622	2.724466324	8.048514843	19.7908926	195.1184692	17.88639355	36.98324394	0.833625108
pas48	268.7759094	4.197771788	3.405045509	4.375354528	22.11462116	3.47868526	1.178008735	18.21364689	2.181561589	62.49446487	199.1673737	9.415224552	0.092036195	3.01681447	18.361866	139.051918	19.41389275	3.170343757	0.871964514	51.67980957	3.141405225	17.49306011	7.612983942	181.4488754	3.340834618	6.966825008	3.74154377	1.007756412	4.87005353	154.6783218	3.758383989	9.822569847	10.329772	63.18761063	6.802857399	74.89037323	2.779564381
pas49	228.2590332	0	0	5.779616356	31.33738708	0.639159262	0	19.28634453	0.318104595	81.8260498	191.0213776	0	0	0.71588695	14.08490562	188.2557373	14.59424019	0	0.384000361	60.08170319	0.255533159	19.77503204	4.191094875	159.5102844	1.105102658	5.360071182	4.031521797	0	0	154.7744598	2.552092075	1.059988976	3.405115604	175.0726471	7.977282047	64.1875	0
ctr10	331.3054962	5.537605286	5.817252636	4.200161457	1.48906827	2.340704203	1.173810661	10.65127134	7.867395878	58.63489342	112.5635643	3.422347546	0.298053756	4.287684202	6.561155558	125.7633705	12.07084417	3.105307102	2.089232683	40.63765144	1.816450775	18.65883636	5.539992809	170.4502563	0.46324411	5.051187515	1.774743736	2.066967249	1.492919922	171.9792175	1.750323117	26.1633091	4.841152906	277.1504822	3.033097982	38.49893951	0.467524767
ctr11	476.2688293	3.435066462	3.899838924	2.571699858	2.978134871	0	1.908293724	12.33597755	10.7205658	94.99164581	161.2326202	1.183210969	0.894791603	10.02222824	13.6491642	280.955719	78.8528595	5.728309631	1.878510594	59.7530098	1.498815417	13.06273842	4.28701067	173.4326324	0.398356348	3.910109043	2.176537752	0.640283644	1.617529988	171.4137421	2.730726957	4.503553867	5.01306057	261.4422913	4.166664124	50.08930206	0
ctr2	222.2790985	1.706867576	4.414276123	8.177513123	1.820271134	2.692308187	0.1988931	4.964826584	5.931707382	47.60020828	68.27970886	10.35606956	0.067636631	12.22729778	7.506595612	117.3559113	12.41362381	2.992798328	20.08807373	30.60496712	3.993473768	18.76078224	4.270215511	69.44252014	2.103608847	2.268520594	3.963266611	3.021106005	14.99277973	165.2631531	3.552196503	11.3761673	6.463047028	375.4363708	8.489770889	23.05370903	2.70754528
ctr3	249.7661438	3.73759675	5.636991501	9.036025047	2.467193842	1.654521585	0.68684411	6.282310486	2.901313782	64.71343231	115.0407257	6.250168324	0.085820168	9.27580452	5.978782654	2.225255013	8.508608818	2.106907129	13.76928997	33.91091537	4.528959274	14.84162235	3.990598917	142.328598	1.608963013	4.833464146	2.735723495	2.638671398	9.458598137	163.6204987	1.482806802	9.641592979	7.269863129	353.8635864	6.429010868	14.63316727	1.405837178
ctr4	135.0046692	2.987193584	4.235402584	10.11172867	2.520324945	1.886190295	0	4.978338242	17.82847786	50.43381882	28.89884567	3.857871294	0	5.544467449	3.62681675	78.57162476	16.24800682	5.651070595	3.029004097	23.31437111	4.591565132	20.6890049	6.67957449	78.85171509	1.346951485	2.096875191	3.480067492	0.971800387	5.560723782	103.6799622	1.659033418	58.5593338	5.917651653	158.7170715	1.417504072	41.34803772	1.469041109
ctr5new	244.6391296	3.29934442	2.833742499	3.678338289	0.732640266	1.13446933	0	6.979724646	8.001434803	57.55989838	89.19301605	3.558929086	0	6.117353439	6.256634474	146.8040009	14.339921	3.001660109	2.009268582	35.83335304	2.493592978	20.49406052	5.162638664	133.0019836	0.761425138	4.492256165	1.258199751	3.673635602	0	176.705452	2.266064882	33.16512108	5.796979189	283.5897369	3.573836923	29.05972862	0.389119372
ctr5old	207.0266113	7.822948933	9.619324684	7.541444302	1.87265861	3.007540703	0	5.175254822	6.443109989	49.18159103	97.27407837	9.658493042	1.736670613	8.900416374	2.470249176	64.67581177	20.32521629	8.838485718	4.60742712	27.11258507	5.507805347	18.89054871	9.347360611	98.99143982	1.47526896	5.592045784	2.613675833	9.441919327	0	151.3826752	2.984242439	83.05152893	6.07138586	325.2540894	5.502584934	75.69117737	2.14563942
ctr6	243.5643311	0.4949954	0.707616359	0	0	0	0	1.75877291	1.723682106	68.89721298	96.69150543	0	0	3.546783566	2.901923537	108.5834122	21.03927135	0	0.404238634	35.69992256	0	16.11508512	5.685838699	208.9942245	0	3.834275246	0	0	0	178.7970657	2.513207912	2.687008739	1.766833663	292.4838715	7.770673037	28.5318222	0
ctr7	407.7028503	133.664505	8.585866928	6.20348978	5.956979275	2.128108978	2.642537594	6.802355289	17.56705093	48.42960739	222.2517395	13.43963432	0	2.192478418	5.310214996	156.8618622	25.40153885	9.514868736	15.02321815	43.82416534	6.8269701	24.05216408	15.30894279	195.4250183	0	8.859330177	2.301903486	8.56253624	17.26886559	232.0623169	0	92.37579346	15.84075165	339.5134277	6.826460361	44.5773201	1.15690887
ctr8	331.3054962	5.537605286	5.817252636	4.200161457	1.48906827	2.340704203	1.173810661	10.65127134	7.867395878	58.63489342	112.5635643	3.422347546	0.298053756	4.287684202	6.561155558	125.7633705	12.07084417	3.105307102	2.089232683	40.63765144	1.816450775	18.65883636	5.539992809	170.4502563	0.46324411	5.051187515	1.774743736	2.066967249	1.492919922	171.9792175	1.750323117	26.1633091	4.841152906	277.1504822	3.033097982	38.49893951	0.467524767
ctr9	331.3054962	5.537605286	5.817252636	4.200161457	1.48906827	2.340704203	1.173810661	10.65127134	7.867395878	58.63489342	112.5635643	3.422347546	0.298053756	4.287684202	6.561155558	125.7633705	12.07084417	3.105307102	2.089232683	40.63765144	1.816450775	18.65883636	5.539992809	170.4502563	0.46324411	5.051187515	1.774743736	2.066967249	1.492919922	171.9792175	1.750323117	26.1633091	4.841152906	277.1504822	3.033097982	38.49893951	0.467524767
