ID	CD45	EpCAM	casp3	CD45RA	CD69	PgR	CD56	TCRab	HER2	CD25	CD44	PanKer	TCRgd	pSTAT1	TIGIT	CD27	VIM	Ecad	PDL12	CD28	KI67	FoxP3	ER	CD45RO	CD19	CD24	CD38	CD8	EGFR	CD3	CD20	pS6	HLADR	CD4	PD1	Hist1763	CD16
pas1	212.9707794	0	1.354592323	7.04037571	17.14141273	1.508087039	0	1.436847329	0	0	92.46808624	0	0	1.324445963	2.758014441	35.00169754	13.07331944	0.75760287	0.741228878	12.83624935	0	0.814936101	1.588345051	27.49739838	1.640531659	2.726320267	2.450332165	3.417628288	0	142.5084686	1.329462886	2.877667189	1.927606225	1.268849611	2.220331669	21.86083031	0
pas2	212.8654327	0.548616499	1.470411599	4.807552338	8.920814037	1.60117203	0	2.257038116	0	0	91.14702225	0.1342168	0	0.834753871	0.889508843	14.67896891	18.33963871	0.117775656	0.573961318	13.52721882	0	0.299017832	3.500063658	41.8396244	0	2.504936457	0.703429103	4.238392353	0.934699625	145.3669968	0.584451914	7.126811028	0.87485981	0.652335256	1.44428283	22.36707687	1.481999874
pas3	156.1434784	0	4.917721033	38.18750954	43.8270359	0.848246545	0.032413258	0.413302764	0.161683016	0	68.98526764	0	0.719962388	1.338231146	12.49501181	55.4040451	2.338794708	0.09652612	3.474814773	31.17127228	0	0.736811936	0.409980983	11.41721296	1.645016968	3.195901871	11.07279396	4.138313532	0.260351866	171.3505554	2.659469247	5.610797882	7.368933201	1.073824108	9.182781696	9.727080345	0
pas4	138.9464722	0	1.115180612	8.814972878	16.89152527	1.008963346	0	1.395990729	0	0	61.91889191	0	0	0.4713296	0.956883967	28.90166092	3.692230701	0	0.783462644	19.49341202	0	0.268256158	1.909286022	50.69205856	0.367047489	1.290644646	0.761510491	3.126982212	0.34252739	95.26036072	0.852729082	3.953133583	1.280722618	2.269092321	0.831147134	16.10658264	0
pas5	100.6906357	0	0.173259795	9.037990093	11.45290136	0.270206735	0	3.109182358	0	0	20.19270515	0	0	1.008404136	0	15.79465055	4.831608057	0	0.198744282	12.18890047	0	0.69775188	1.506478786	10.24656343	2.209572554	0.386648551	2.000860155	3.299079895	0	94.75395203	1.694163024	4.487664223	2.585315824	5.296555281	0.461908773	13.51714373	0
pas6	269.5097046	0.346377015	0.845673263	2.966371298	15.63885307	1.137228966	0	2.024638176	0	0	113.8785934	1.092760682	0	0.992714643	1.847013712	19.10074425	12.67371655	0	0.282205582	19.61278915	0	1.279390335	5.964530945	37.4973793	0.066984914	2.826617002	1.067371845	2.858854532	2.058117867	192.4386749	1.116750717	9.441793442	2.140660763	4.362547398	1.389527678	22.06843376	1.301287651
pas7	216.003891	0	1.010752082	6.802125931	23.74255371	1.119822383	0	1.263165712	0	0	98.51010895	0	0	0.846196651	7.924227238	55.12911606	3.502680779	0	1.735395193	30.39782333	0	0	4.520812035	75.2433548	1.35176754	2.944591761	1.937518597	3.378381014	0	88.6980896	1.166538715	7.591804028	2.400657654	3.364063501	7.399301052	8.931542397	0
pas8	128.8294716	0	0	2.682265043	6.432981491	0	0	0	0	0	52.69756317	0	0	0	0	0	4.639538527	0	0.474265531	6.838505745	0	0	0	17.17069435	0	0.957799196	0.101051744	0	0	99.51182556	0	0.052037489	0.04565664	6.392879725	0	4.67242384	0
pas9	220.3258972	5.04496479	0.781791687	0.429091871	30.34934998	0	0	0	0	0	138.4300537	0	0	0	1.192101002	4.471576691	17.171772	0	0	6.56768465	0	0	0	52.62063217	0	3.576861858	6.199076176	6.519081116	0	113.863884	0	3.082571268	2.650473833	0	6.198291302	20.36836815	0
pas10	165.9348297	0	2.366508722	11.06679821	17.51495361	1.434078157	0	0.9175888	0	0	104.7633514	3.636658549	0	0.725755692	6.582916737	0	8.744920254	0	2.676848888	23.69914436	0	1.490297496	2.993300319	37.5057888	1.887401283	3.404753685	1.736828387	6.417310238	3.637099862	79.80299377	0.927525282	12.45453405	2.283029675	0.485733598	16.47623968	13.86217451	0
pas11	148.0150757	0	1.405344248	3.804544449	8.370930672	1.452087998	0.271706134	2.287082672	0	0.639562249	67.12213898	0.820752442	0	3.447413921	7.182260513	82.09853363	11.31312084	0.858708262	6.789819241	17.41783142	0.320582211	2.671447277	2.19023037	58.8992157	0.453187793	1.410894156	1.22534132	3.206647635	2.703065872	66.53062439	1.663189769	5.834254265	2.012528658	2.394911051	1.873967767	28.82354736	0
pas12	86.33195496	0	11.81576061	3.877069831	25.76929379	5.148564577	0	7.681020737	1.997344792	0	25.67443085	12.40057755	0	9.305580616	2.015008211	3.341663003	11.89726353	3.196561933	2.201472878	11.35689211	12.94566822	34.29792786	7.271834135	37.89472198	0.091265295	4.007042885	14.86641788	8.136035919	11.41096544	73.34851456	3.490641952	190.9760513	18.28363609	9.919632912	30.88031864	120.317585	4.041220665
pas13	142.3725739	0.925005972	2.514182091	8.176950455	10.85981083	1.621523023	1.165297985	0.052393001	0	0	67.65579987	0.222002998	1.272197962	1.055755973	0.575245023	5.183558941	11.82511616	0.46577999	1.030558944	4.490714073	0	0.438053995	3.507679939	22.27969551	0	2.085705996	0.995864987	2.165061951	1.412322998	139.8981018	0.313080996	9.495244026	1.242212057	0.205907002	0.341509014	16.92134857	3.218008041
pas14	170.2297821	0.623746932	1.520884395	1.182272673	21.47695923	2.175525904	0	0.716896594	0	0	69.50901031	0.17438592	0	0.875161529	0.639963746	8.80346489	74.23890686	1.887635946	1.439442039	10.61698151	0.383056611	4.428618431	0.314023763	44.15637207	0	3.092704773	1.991267085	2.254124165	0	101.9987793	0.984056056	5.244726658	7.095139503	13.36628056	2.234494925	33.25252914	1.559762239
pas15	198.7229004	0	1.184313774	37.83564758	19.03769493	0	0	1.36248219	0	0	152.8580322	0	0	0	3.686069489	36.3636055	10.42450523	0	2.807487488	20.2352066	0	0	0	22.74801636	0	3.867572069	1.459638119	5.924144745	0	108.1328964	0.723701298	0.600147486	0.925011337	1.232673764	2.057544947	13.6212616	0
pas16	183.4939194	0	2.371374369	48.70390892	8.706009865	1.443406343	0.583387658	1.81721133	0.506967932	0	97.21657944	3.212665081	0	2.34795022	1.868407488	0.354180858	7.738113642	0.320379525	13.5030942	16.73832798	1.666738391	2.65169847	2.979930639	3.024839401	0.912912786	2.805051088	2.463712335	4.518742204	1.253492653	89.65066147	0	12.99765301	3.582074046	1.296678543	7.928136826	14.26661921	0.527982265
pas17	236.9821243	0	2.432420969	14.01823282	10.03538132	1.04756546	0.222255602	4.43427515	0	0	121.7443924	0	0	0.371558264	2.705157876	57.87638283	9.286213875	0.352667794	2.615829945	19.15621853	0	0.006825287	0.381653145	25.21853828	0	4.071718931	1.626847088	8.642817974	0	104.4203072	1.188680589	3.286648393	1.827599466	1.906888843	1.35070461	13.42443085	0
pas18	223.4909821	0	3.41505003	60.75408936	27.1416378	2.125846148	0.5042997	2.29872179	0	0	115.355011	0.09600199	0.421816409	3.110216618	4.601491928	117.889328	7.183569431	0.445416778	4.514099598	35.3913002	0	1.616254091	1.50582242	9.832315445	0.904109359	3.834865093	5.690716267	2.597598314	0	168.1297913	3.229460478	12.76724052	5.870518208	2.831877232	2.277983904	28.66665077	0
pas19	120.8059998	0	1.982347846	9.380127907	13.47722244	1.757687926	0	1.507246256	0	0	79.77788544	0	0	1.448257208	9.206795692	0	6.766438007	0	2.399064064	19.2107563	0	8.102840424	2.127785921	47.38414001	1.369651079	2.569481134	2.110172033	5.389317513	0.4990592	90.61492157	0.60962379	7.505679131	7.441057205	1.445162654	3.643452168	9.464388847	0
pas20	187.9289093	0	2.983122587	53.54273605	17.13601685	1.879198074	0.040607877	4.284162998	0	0	58.58885956	0	0	2.575604439	6.212037563	129.1824799	9.000061989	0.289017677	4.372166634	27.63255882	0.227481753	1.04673326	1.242024422	8.457243919	0	2.142272949	8.328219414	3.552762747	1.304181337	137.7008057	2.268978357	8.587708473	1.981358767	1.371276259	2.880723476	28.96973801	2.368538618
pas21	296.8231201	0	2.393384457	21.85576248	20.0831604	2.186214924	0.438783795	2.439602137	0	0.708759785	147.081131	0	0.913192332	2.632309914	9.063388824	129.096756	9.854797363	0.883657753	3.010115147	40.730896	0.151994139	1.527306795	2.488335848	61.1446228	0.545800388	4.372118473	2.900355101	2.880262375	0	180.1708069	2.841163874	6.139276505	2.386210442	2.636425257	5.918757915	34.65411758	0.04225922
pas22	278.3797607	0.011076579	3.341974974	20.4754591	15.66812658	1.232825398	0.620489329	3.888062835	0.525395662	0	127.0877304	0	0	0.75739935	4.032498479	53.78153992	12.39088821	0.260792598	2.966531754	22.97721767	0	0.210209735	1.193255007	43.60828209	0.456868932	4.264819145	2.871014357	5.387298107	0	134.1109161	1.482399166	4.765263796	1.691969514	1.253601968	1.336073339	17.56989861	0.018959224
pas23	256.7669983	0	2.881720781	21.78604889	36.36705399	1.956491351	0.165834993	2.536077023	0	0	104.2183838	0	0	2.613147259	11.45297813	120.583931	9.18162632	0.666978896	2.962640762	28.97727013	0.211766273	4.939436913	2.991725206	42.18396759	0.279699028	2.937974215	3.528993845	2.610020161	0	145.6358795	2.71099329	16.40362167	3.815322161	2.390255213	9.140763283	30.60405922	0.441905111
pas24	145.1874161	1.308236301	2.283101916	112.2509995	15.77717113	1.297610641	0.390698075	0.867478609	0	0	77.70217133	0.210556775	0	1.24549216	3.896457434	91.40185928	5.315722227	0	7.627640963	15.9216218	0	0.262329862	3.233528972	7.692246675	0.637889892	2.264539361	2.56620121	3.835662127	2.232482076	92.91950607	2.129813671	13.63969421	2.25500524	1.740040898	4.269482374	14.1956296	0.69189024
pas25	204.5537186	0	1.012659818	54.6914711	17.37693596	1.317343891	0	2.837608099	0	0	54.80630875	0	0	1.50388974	1.791535139	66.62775421	11.81195879	0	3.847732782	24.68598557	0	0.352791458	0.216838293	6.675348043	0	1.462363124	2.855551958	5.273886919	1.460656226	131.0118408	1.770677388	7.3372612	2.915216088	3.081617951	1.063046038	27.73881245	1.830261648
pas26	237.4842224	0	2.995986462	27.92765236	12.31236458	0.477798656	0	1.611677825	0	0	141.4492722	0	0	0	4.849176645	88.00460434	13.62876606	0	3.039475799	20.54500008	0	0	0.075751308	26.95027637	0	4.450037718	3.162493348	3.695526719	0	118.5409317	1.730668724	2.625113368	1.103930354	0.068540946	3.536378503	13.47998857	0
pas27	98.7766037	0.844118029	0.8073605	5.633597374	5.979642153	0.467112496	0	2.654335499	1.564647019	0.000476	39.25070763	0.264790505	0	0.144264005	1.472809494	23.61058903	5.488356113	0.48269549	1.036709011	13.92222452	0.081774499	1.782090485	0.893563986	19.13484955	0.147221498	2.049307466	2.353351593	7.117831469	0.205333501	56.02614021	1.180773973	4.435342073	2.647423983	4.785623074	1.579433978	14.69622517	0
pas28	147.6993103	0	1.831454396	2.960186005	11.95893478	1.325463891	0	4.017774582	0	0	51.58457184	0.007711934	0	2.510358095	0.974506736	6.829488754	13.66798973	0	0.53583765	12.26847267	0	17.75869179	1.599289298	38.5594635	0	1.017363787	0.413600594	2.2600739	4.18863678	94.83191681	1.530898333	67.493927	4.269865513	4.618153572	72.34583282	30.72909164	3.080818176
pas29	125.5975151	0	2.524606943	103.5976715	18.73844147	0.877260625	0	4.633246899	0	0	28.27810478	0	0	1.49833566	3.28713119	81.81620407	3.437841058	0	4.080232859	23.3119936	0	0.578536302	0.953303874	6.802212954	0	0.553491235	5.648249388	3.871076107	0.481701195	93.63830948	1.611507952	5.509202003	1.290758133	4.353209496	1.920734286	16.13360119	0.613601714
pas30	192.471283	0	1.469445825	5.426815033	15.6710434	1.946505785	0	1.244049549	0	0	99.78310394	2.353464603	0	1.789115787	10.44110394	96.3589859	8.579648018	0.245573282	0.357231319	24.6625824	0	1.2888484	2.314688444	44.29304886	0.084960029	2.294924736	1.985248804	1.748644233	1.188286066	129.9184723	1.77227509	4.294813633	6.632657528	1.68878758	5.422120571	16.61395836	0
pas31	120.3463821	0	1.096587539	6.104024887	20.06126976	0.364345312	0	7.364111423	0	0	36.49112701	0	0	1.511605978	1.187743783	4.379263878	6.189316273	0.282621175	0.763638735	12.52259254	0	12.05541325	1.226859093	24.49659538	0	0.784161687	2.191056252	1.760251999	0.83117938	78.69364166	0.910716116	27.89787865	3.477995157	17.19135284	29.3228302	22.82070351	1.038417816
pas32	141.4550171	0	1.578003585	5.395004511	16.16510963	1.563507974	0	5.727767467	0	0	32.40251732	0	0	1.605689287	2.158704877	5.013692379	14.65938759	0.22182931	0.672331721	11.37330914	0	10.17575693	1.376210511	26.36053944	0	0.666826814	0.975666791	2.683756828	0	84.6102829	1.285332978	36.08704758	2.94584024	2.624548912	46.70182419	30.31708622	0.815365762
pas33	137.0669327	0	1.872672737	36.94649696	9.12284708	1.17657119	0	1.749418259	0	0	59.89856339	0	0	0.976952821	2.717252135	66.03441238	5.070422411	0	3.43419373	16.59984493	0	0.244728245	3.076049328	15.66322136	0	1.27895534	3.522989631	6.111385345	0.691387415	76.65890121	0.817933738	10.14838457	1.560064971	2.565710902	1.758900583	15.62268162	0
pas34	212.3113251	0.998070478	3.33827281	8.045594215	18.43591118	4.202375889	0.122951776	1.376025081	0.66612339	0.786579609	96.72796631	12.16063023	1.242398858	9.33286953	5.752372742	47.35674667	13.95372391	1.507881284	18.54315186	13.97821712	3.359313488	6.290668011	4.455835819	22.4683094	1.85472548	2.283672571	2.907975197	5.518776894	19.33680534	126.3777237	2.943754435	10.02700806	5.004744053	1.925307035	5.234703064	22.74395561	3.273058891
pas35	171.3100967	0	1.949105501	6.467867374	30.03028202	0	0	0.407005057	0	0	129.3661575	0	0	0	2.699563503	35.34947968	18.82819653	0	1.162451804	16.28861427	0	0	0	24.70175362	0	4.405429363	8.946031094	4.110829592	0	118.7659569	0.527191788	1.459006608	5.169341564	1.755451679	1.37991637	11.49007368	0
pas50	356.7359314	0	2.173365474	3.31705308	9.586438179	0	0.352027804	2.008664966	0.059867259	0	76.1169281	0	0	2.696514845	2.247835517	90.82735062	61.34794235	1.577697217	0.548800528	33.50898933	0	1.052358687	3.410364747	59.4660759	0.287584499	1.454524934	0.960180253	1.693295419	1.410122931	85.35670471	1.301027715	2.988341331	2.073032975	2.176796317	0.887790203	70.48471451	0
pas51	344.3266602	0	3.911886334	61.78682137	15.85612965	0.720515043	1.339185119	3.860501289	1.117754877	0.46788004	96.64784241	0	0.411918074	2.701375723	3.701738715	163.9052429	20.46762943	1.399572432	3.361442447	40.45106697	0.885107279	0.666656375	1.759840012	3.000081897	0.664976507	3.041436076	9.078630924	2.364980936	1.492712677	125.6337242	2.13175118	2.201560855	11.96520042	4.262809515	1.532742381	27.69947529	0
pas36	167.533493	0	2.628780961	45.59537315	12.55217075	1.514098048	0	1.853790998	0	0	53.72361183	0.007541724	0	2.042100787	4.049958229	73.85677719	5.739195347	0.267599046	2.944996476	16.9060936	0	0.374559835	1.06914854	7.726497173	0.117062792	1.306614757	1.328314126	5.273656368	0	101.5861778	1.968747795	15.32908535	2.197725177	2.395186663	1.873018324	14.64984131	0.201160125
pas37	175.4681091	0	1.836315036	29.07066345	13.6174531	1.357098103	0.208954491	1.246097147	0	0	90.5994072	0	0	0.683742344	0.825621665	60.96143341	6.282275915	0	2.878350854	20.32072449	0	0.012705035	2.53363502	17.26606178	0.165528327	2.569996476	2.546328664	3.350362539	0.573031962	122.9846458	1.960816741	10.59802532	1.783443093	1.570729196	1.401034236	18.29017639	0.378222808
pas52	381.8399811	0.328065775	3.520662904	12.94285774	21.25719833	0.104296535	1.345820129	1.852676213	1.346839309	0.445308164	143.9078903	0	1.458269656	1.845485389	3.250526428	108.677845	35.1095562	1.220940173	1.775944114	40.6713562	0.3621227	0	2.619116068	34.0078392	0.074391428	2.618632317	2.452018857	0.959758639	0.32309176	175.0750122	2.129673123	1.604032397	9.69305563	3.535932899	3.973272324	43.79734993	0
pas38	255.272995	6.598846912	5.045305252	21.24241161	25.10660362	1.493151367	1.674691916	2.975733876	0	0	120.4173241	0	0	0.941780508	7.009992599	80.08607864	3.217501163	0.254098512	5.907715082	20.56110477	0	1.232151568	3.204543471	38.29777145	0.710228026	3.603070259	2.513189793	3.9054178	0.470069632	122.7288094	2.455140948	14.83302307	5.140271425	5.463068485	1.651513517	11.56340599	0.45645152
pas39	135.0919495	0	1.583814383	27.187994	6.606262207	0	0	3.21098876	0	0	59.13386917	0	0	0	0	41.63810349	7.129663944	0	2.347341061	14.30230141	0	0	0	13.05998039	0	1.299310207	0.817784429	2.50319171	0	76.96564484	0	1.098540425	0	8.19356823	0	8.744146347	0
pas40	254.2701874	3.479230881	1.849379539	7.743509769	34.9548645	2.702412128	0.05196593	1.843361259	0	0	100.373024	0	0	2.459561348	11.73013687	132.3937378	36.39301682	0	1.367206573	32.63980484	0.214840442	1.607194424	1.524892807	16.43502045	0	2.962663174	12.00288296	2.085776567	1.647264123	142.5246887	3.391330719	8.260856628	15.69006824	1.331784248	3.469732761	14.43792439	6.094075203
pas41	284.3148804	1.349340439	3.34030354	217.1695557	18.88802814	1.924416602	1.098137796	3.959279776	0.203921609	0	128.0266647	0	0	0	2.018555284	71.90387726	22.98779869	0.82479471	8.167503357	27.879776	0	0	0	3.303684831	0	4.131998062	2.421311975	3.533226967	0.335405156	136.6342621	1.774948776	9.39803648	2.545904636	2.156736135	0.87009564	24.74975491	0.90047285
pas42	90.45825195	0	0	13.16036034	3.323944807	0	0	2.138890505	0	0	52.38628769	0	0	0	0	30.73863411	8.638566971	0	0	9.517818451	0	0	0	14.66037655	0	0	0	5.50507164	0	57.28820419	0	1.690294266	0	10.78258324	0	9.102270126	0
pas43	252.5775604	0	2.822215796	5.331951141	19.0414238	1.477325559	0.297165781	1.564126492	0.987052262	0	96.39408875	0	0	0	3.640965939	44.99124146	67.82267761	2.152797222	0.961808205	13.8679409	5.57488966	0.69539851	0.515120447	20.41705132	0	2.985158205	1.797862053	1.81409204	0	117.7640686	1.024229646	3.073649406	1.598971844	3.805606127	1.790845513	7.102852821	0.617271423
pas44	153.219101	0	1.398982167	38.93676758	31.66956711	0.993150413	0	1.782728195	0	0	98.1153717	0	0	0	3.929216623	73.22408295	13.75306129	0	3.17203331	13.69701672	0	0	0	10.57227707	0.539476335	2.324093103	0	2.35563612	0	87.92932129	1.520206451	3.500545263	0.512344539	2.788733244	2.900135994	22.35153389	0
pas45	84.84928131	0	7.354940653	2.326086164	7.29592061	0	0	0	0	0	17.31265736	0	0	0	0	0	6.307849169	0	0	2.54765594	0	0	0	6.154113054	0	0	0	0	0	70.91043091	0	0	0	7.038731813	0	2.70021522	0
pas46	199.297821	3.999181271	3.518170118	17.61913872	43.51625824	2.178786993	0.604234338	2.657413721	0.269573808	0	108.2074356	0.839206398	0	2.540544033	12.67285633	98.41123962	9.615646362	0.502209842	7.548164368	30.44891167	1.106387019	1.208021164	4.602514267	26.06911659	0.684730291	3.461592197	7.091880322	5.528558254	3.282595873	132.8278809	2.649016142	18.427145	7.867965698	3.285419226	8.24979496	16.54727745	0.808010578
pas47	175.2349396	3.064944029	3.483024359	16.91114998	42.18310547	1.926923513	0.552530646	2.01639843	0	0	92.3746109	0	0	1.814835548	8.28188324	82.74970245	14.01094818	0.479961246	4.725802898	25.39491081	0.181806922	0.632704377	3.454959393	12.00379562	0.088893525	2.723385334	12.09844017	6.861581326	1.482663989	113.0508652	1.448958039	11.48487759	5.285506725	1.866106987	5.147343159	16.48438072	0.614203393
pas48	201.7643585	2.602000713	2.908254862	7.30382967	9.401103973	2.642362833	0.564088881	7.346483707	0.859897256	0.578626454	148.5324554	7.533708572	0	1.752105474	4.282145977	49.06354141	21.61647224	2.68059063	1.794485807	34.46763992	1.682031274	6.038843155	3.863214493	71.01472473	1.732632518	5.488571167	4.780222416	3.021801233	3.239786863	113.553093	2.042201757	8.411635399	7.200835228	4.762631893	2.639629126	46.75106812	1.625243425
pas49	141.051712	0	0.212019905	28.48916054	14.46470451	0	0	4.168921947	0	0	107.4447403	0	0	0	0.812551796	59.74707031	12.00598526	0	2.159256697	32.24044418	0	0	0	11.22937489	0	2.772502661	2.40615201	1.283283472	0	102.0027695	0.83146739	1.1849159	0.724440217	6.007986069	1.668946981	30.25933647	0
ctr10	316.7130127	4.200503826	5.975232601	20.67816925	5.652835369	2.17249918	3.274169683	0.27612704	5.880007744	0	98.17507935	3.114738703	3.604696274	2.418038845	0	31.45641136	9.222338676	2.563192368	2.680995941	26.12543488	0.799808502	4.831749439	3.286058426	73.06049347	0	4.977499008	0.979436159	10.4939518	1.628303409	308.8995056	1.413581729	21.21196747	1.648015499	0.989307106	1.417332053	28.71846962	0.946253359
ctr11	549.5697937	2.524393439	3.27313149	13.95489979	5.378462791	0	1.425690591	0	3.044808507	0	125.187542	0.219287045	23.02396774	2.981795669	1.215588629	20.26685429	36.25136185	1.518904388	1.833997428	3.395764709	0.35663183	2.388609529	3.447854519	63.6204586	0	3.516158819	1.598803759	1.876090348	2.012999415	389.4985962	2.458422303	2.140265465	0.947683334	0.022352731	4.344010115	37.44470596	0.640634596
ctr2	233.4867706	0.203200907	5.392763138	14.84135056	2.076088667	2.129827499	2.660793781	0	1.920702696	0	74.35259247	4.568087101	12.72788143	6.16506052	0.621990085	30.00790596	13.47672462	1.384740949	10.57788086	6.894062996	2.02415514	5.341156006	2.954678297	54.63121414	0.402807653	3.735644579	1.942606211	5.590081692	8.78879261	399.6928711	3.302727699	9.560218811	2.549391031	1.132076859	1.406336784	25.974617	8.695158958
ctr3	255.6337662	1.617607057	3.624034047	17.57332325	2.038565516	0.995614856	4.326755285	0	1.068207562	0	121.818676	3.209277868	15.15598106	3.386628389	0.559841454	0.686251581	6.557838678	0.487176895	8.014762402	4.869953632	1.272448719	3.785694361	3.108713508	84.29398727	0.443823606	5.143868685	2.224941134	6.889790297	5.326394796	430.5285797	2.565541744	5.14114213	3.576072931	0.843444616	1.177571177	15.7847085	12.77221489
ctr4	116.5540695	2.06146121	3.526848555	11.90666485	1.796056032	1.219392419	1.206152439	0	16.27580833	0	20.83703232	2.35490489	6.818730831	3.310262203	0	16.92817688	12.04399776	2.154229641	1.145135164	4.48430109	1.427768707	3.86754179	3.009018421	37.57650375	0.168462798	1.466760635	1.304433465	3.12052083	3.592367172	226.0187225	1.325679064	27.11743546	1.378494978	0.50929451	0	38.82701492	5.561029911
ctr5new	234.4602661	2.705831766	4.422081947	22.54013443	4.364489555	1.262989998	2.221536875	0	5.288024902	0	76.73264313	2.559753418	5.95585537	2.909083843	0	32.44445801	10.39404392	2.158767223	2.984066486	19.28116035	1.497507811	6.006158352	3.302676916	58.10967255	0	4.227846622	1.05374372	15.03996372	0	331.1083069	1.875694871	27.60067749	2.112468243	0.921031713	0.920194745	29.69996452	1.71666944
ctr5old	214.7744675	6.060614109	10.26087809	18.24016953	2.136552095	2.591682673	0.812773377	0	3.729202628	0	81.27774811	7.318571806	13.77874136	5.860489368	0	24.67755508	13.30366611	7.418853521	3.786596894	6.562194109	4.330625296	4.298571587	8.15050602	59.13830185	0.492089361	5.18419075	2.097914934	14.03778315	0	396.5737	3.131211519	65.6509285	2.929565668	5.165177107	0.486549422	63.89433098	6.819936514
ctr6	183.1947174	0	0.470358402	19.01903534	4.134040833	0	0.833816648	0	0	0	64.96578217	0	1.712428451	0	0	30.30117989	7.38507843	0	0.515790403	16.25428391	0	0	0.026970241	62.65133667	0	1.500980496	0	11.34223938	0	274.9365845	0.606115937	0.923539579	0	0	0.750432312	21.90501976	0
ctr7	391.7486877	96.91008377	8.804599285	27.16269779	11.36573601	1.813181341	4.940614462	0	14.32739019	0	205.9855194	11.50130081	6.665026665	0	0.180617735	50.02330971	18.62463856	7.73383832	11.86351776	30.07352257	4.839109898	13.47597122	12.03525448	101.7211075	0	8.161985874	1.064969838	20.78559017	14.42794657	417.2082062	0	76.95212173	12.82078123	4.083592415	3.771688104	39.60609627	2.377312183
ctr8	316.7130127	4.200503826	5.975232601	20.67816925	5.652835369	2.17249918	3.274169683	0.27612704	5.880007744	0	98.17507935	3.114738703	3.604696274	2.418038845	0	31.45641136	9.222338676	2.563192368	2.680995941	26.12543488	0.799808502	4.831749439	3.286058426	73.06049347	0	4.977499008	0.979436159	10.4939518	1.628303409	308.8995056	1.413581729	21.21196747	1.648015499	0.989307106	1.417332053	28.71846962	0.946253359
ctr9	316.7130127	4.200503826	5.975232601	20.67816925	5.652835369	2.17249918	3.274169683	0.27612704	5.880007744	0	98.17507935	3.114738703	3.604696274	2.418038845	0	31.45641136	9.222338676	2.563192368	2.680995941	26.12543488	0.799808502	4.831749439	3.286058426	73.06049347	0	4.977499008	0.979436159	10.4939518	1.628303409	308.8995056	1.413581729	21.21196747	1.648015499	0.989307106	1.417332053	28.71846962	0.946253359
