ID	CD45	EpCAM	casp3	CD45RA	CD69	PgR	CD56	TCRab	HER2	CD25	CD44	PanKer	TCRgd	pSTAT1	TIGIT	CD27	VIM	Ecad	PDL12	CD28	KI67	FoxP3	ER	CD45RO	CD19	CD24	CD38	CD8	EGFR	CD3	CD20	pS6	HLADR	CD4	PD1	Hist1763	CD16
pas1	116.3152161	0	0.491613716	15.1348114	14.04022121	2.510775805	3.462270498	0	0	0	119.397049	0	0	3.305232763	2.411142111	18.01663399	2.463606596	0.876631379	0.473932058	1.919001579	0	1.119310856	1.902327061	8.814415932	3.318619251	3.036093473	12.12377834	1.673939586	0	3.092532158	3.07342124	5.4638834	6.269558907	1.093324661	0	42.65792084	64.55515289
pas2	113.1075058	8.300920486	7.236366272	115.6669388	27.78698158	3.976231575	0.946010053	0	1.46096158	0	44.92378235	0	0	9.40602684	1.514106035	0	13.59730148	0.119322859	2.483849525	0	2.782902718	0.858258069	4.586933613	1.202901125	0	3.784545183	6.034955502	0.950554252	10.15980339	0	3.825837374	30.76027107	2.912796021	0.542398214	0	19.2665062	215.2854156
pas3	70.44226456	0.418787777	12.44759703	82.34658432	14.22335434	0.051683497	9.335680008	0	0	0	44.07643127	0	0	1.202029377	10.64279604	1.390055835	0.451199621	1.548679233	1.50835678	0	0	1.520566463	0	7.00747633	0	0.956763566	49.03629875	9.18560648	2.22487241	0.393012226	0.275829792	1.141176492	7.256906986	1.507375628	0.422950447	20.66746902	63.77589798
pas4	90.94393158	0.064031437	8.023122787	151.3342896	21.29430199	2.113643408	6.945506573	0	0	0	28.14121628	0.58060199	0	2.31122303	9.347144127	0	1.048375607	0	4.278684616	0.31286332	0	0	2.054177999	4.599676132	1.137658	0.929991961	17.01955223	9.935238838	2.797156334	0	0.833115101	5.527114868	0	0.134267703	0	32.65906525	64.38258362
pas5	118.4139137	0.642179489	0.882574797	4.044792116	99.31756115	0.831247747	0.418890089	0	0	17.21279061	111.8778	5.236111999	0	5.739383459	9.412272096	40.62099804	5.327294827	3.59902966	0	19.97845602	0.483054787	32.48709393	4.772074342	67.20783997	17.2137084	0	8.381587029	4.139761448	5.807021618	22.6040802	6.683498383	5.181466579	9.499543667	45.53262997	5.553743839	59.71901989	46.92708015
pas6	154.0195618	1.252330184	2.935237408	100.9733772	12.20956182	4.060512781	1.031149209	0	0	0	85.7524147	0	0	1.022425473	4.487840891	0.13620697	10.44236469	0.417625025	3.78209722	0	0	1.121686757	6.211741924	1.153616905	0.176812708	1.137492031	3.721905947	0.457596637	6.361788988	0	0	11.8253727	2.244882703	0.012401108	0	37.41051674	77.32813263
pas7	171.5594788	0	5.988921642	214.0800018	11.52821255	0.509477377	16.22065163	0	0	0.824218333	37.12791061	0	0	2.685462713	6.366751671	0	4.437391758	0	10.17051506	0	0.83583349	0	0	5.335738659	0	0.30166772	16.53515625	0.536102295	2.029906511	5.092899323	1.511837959	0	0	2.387229919	0	4.054730415	115.8428955
pas8	88.48252106	0	10.34200764	7.589183807	4.508141041	0	0	0	0	0	1.438014507	0	0	0	2.098504066	33.89295197	1.192578912	0.631057739	0.745081842	0	0	1.181584716	0	0	0	0	0	0	3.42773366	2.206763983	0.967825532	0	0.919472337	1.724858761	0	5.128143311	64.12552643
pas9	93.84692764	3.09660399	4.565328598	20.38442612	8.937029362	0	3.970048547	0	0	0	30.60710716	0	0	0.089321889	0	0	2.554497242	2.013105094	1.764408588	0	0	0	0	0.479782894	0	1.153481722	23.07714939	1.851052284	0.04947925	0	0	0	0	0	0	19.74237442	105.2676086
pas10	141.2906113	0	0.811027348	5.488220215	0.350615218	0	5.858363867	0	1.819139957	0	8.87887001	1.835481882	0	1.742153525	3.937945366	2.16802001	11.43026996	0.272665113	1.069883555	6.18782568	0	2.528893471	0	0	2.051630616	0	0.135333955	2.415848672	0.388936222	1.128851295	0	9.582980156	2.043898851	1.580813002	0.832602307	9.796389818	225.2756119
pas11	121.8945389	0	0	3.868327856	0	0.173611343	0	0.177359015	0	0	2.900391102	0	0	0.190793451	0.369699702	10.14448023	0.309754051	0	0	1.009684861	0	1.243914068	0	0	0	0	0	0.148451198	7.895573616	0.058208186	0	2.111645937	0	0.651621789	0.529613942	1.393527448	94.15926361
pas12	49.87409401	0	14.42608261	70.4417305	9.441117764	6.316462517	13.13815403	0.721211225	1.693461776	0	8.943772316	11.42920876	0	10.93855572	1.588171124	0	9.252637863	2.526169896	3.554290771	0	9.720329285	30.4394331	5.259465218	5.058194876	0	3.394590259	18.25155449	2.669525981	10.22487926	3.834217906	2.564687729	220.3115082	11.3897624	6.076618195	15.43652439	146.4353027	89.96796417
pas13	97.99404144	0.810155511	8.251654148	283.0701141	12.23215914	3.011599541	14.87985945	0	0.0016845	0	26.01644135	0.445802003	0	1.942575514	2.529836535	0	12.88990545	0.630077481	8.21890974	0	0	0.684921503	2.59721148	0	0	0.741481513	8.015732765	2.648978949	2.206848979	0	0	25.52580452	1.548116982	1.263507009	0	46.63859177	190.0448303
pas14	104.4123917	0.618761361	9.515566826	325.4368896	24.45852852	3.034271479	20.17591095	0	0	0	46.103405	1.083596945	0	3.188883066	0	0	22.77992439	0	13.17001247	1.37477529	1.544872284	4.939568996	0	1.935522676	0	3.821386337	46.91893768	7.79282999	0	0	0	6.143815041	0	0	0	34.31372452	159.9254761
pas15	93.34748077	0	21.57123661	139.2110367	1.847089171	0	0	0	0	0	36.74265862	0	0	0	0	0	0	0	5.899352789	0	0	0	0	0.160616592	0.199734747	0	3.329523325	0	0.120818777	0	0	2.748925328	0	0	0	6.762558937	87.31852341
pas16	142.8170624	0	5.298510551	7.204435349	0	0	0	0	0	0	5.065098763	0	0	0	0	2.090555429	2.11965704	0	4.168067932	0	1.247328043	0.899868488	0	0	1.124335885	0	0	1.852681994	2.991816759	3.008136749	0.591408193	8.743875504	0.242895499	0.513137162	0	10.18671894	135.2530212
pas17	149.8145294	0	12.53116417	419.3795471	15.94259739	4.245668888	13.77066946	0	0.546825886	0	59.91284752	0	0	2.587693095	4.570650101	0.267191738	4.775459528	0.421545282	12.84224892	1.291216791	0.239710525	0	0	2.6931988	0.047004737	2.733725786	27.22596931	2.928257346	0.786790669	0.255566202	0.725561827	8.021630287	1.220807612	0.583926439	0	49.54174232	142.10392
pas18	135.4351807	0	13.86990786	348.2928925	15.74952793	2.985491276	24.60870647	0	0	0.072607007	54.54187584	0	0	3.641031027	8.109670639	1.47336781	9.162028313	0.12906912	12.28163719	1.470902264	0	2.663991451	0.803003073	4.633346081	1.645152569	2.105912805	31.00384808	7.186790705	0	2.932358146	1.261505872	28.22134972	5.661455631	4.400357246	0	68.58766174	249.7092667
pas19	72.59101105	0	5.744914055	26.28760529	7.808738232	0	3.357215166	0	0	3.589207649	56.63742828	0	0	0.095965914	1.718489408	0	0	0	7.389001846	10.77741432	0	7.90444994	0	4.140996456	0	0	0.183735892	0.250332981	5.272983074	16.32357216	0	6.499760628	3.40362072	6.685348034	0	10.02813053	56.7129631
pas20	126.9198151	0	12.67583752	226.2168579	18.13451004	2.324795723	13.74825478	0	0	0	27.18914604	0.804831564	0	2.868701935	6.332696438	1.290285945	8.507536888	0.380445182	7.046792984	0.467095613	0	1.030601859	0.265524715	1.884657502	0.327356875	2.069516182	92.26576996	4.242584229	2.267089367	0.720091999	0.50975877	11.30722141	4.061613083	2.414136171	0	92.50603485	136.231781
pas21	136.7444305	0	11.77697468	557.0975647	18.73060226	3.980206132	19.75801659	0	0.32252948	0.728293508	37.0912323	0	0	3.821587682	10.43024588	1.956622481	11.74473906	1.557969153	16.41179848	2.327027917	0	2.873219252	0.770958751	6.64888978	0.671370685	2.126766086	28.1926918	4.967995882	0	1.972895861	0.054635646	12.85468483	3.365077615	4.160334587	0	76.0533905	182.7281036
pas22	173.3516388	0.251118168	12.10068274	520.455658	15.44009638	2.995940208	17.2395649	0.137089301	0.811274916	0	52.21375084	0	0	0.557392687	1.27176249	0.065271504	6.722495794	0.908457071	17.18561745	1.573250711	0.18681927	0.259604529	0	1.743356764	0.017020524	3.485290766	53.28892708	5.756093502	0.021383464	0	0	1.843235493	1.868127763	1.033629209	0	43.16053772	159.974411
pas23	146.4739609	0	14.1691494	616.1388855	27.08827114	4.583841085	13.32448339	0	0.166073337	0.152468599	45.92489815	0	0	6.215737581	5.749442577	1.858328998	6.759348392	0.234486207	17.82703114	1.735396266	0.369350791	5.422134399	1.863997161	3.248559356	1.604167879	0.361319594	39.6447525	5.325378895	0	2.193081737	0.397613134	35.3217392	3.503725767	5.696720123	0	116.7669716	123.9805489
pas24	72.51503754	2.252171993	8.038721323	135.8210754	9.245371819	1.625465989	14.1764636	0	0	0.387594782	34.68972206	1.197685003	0	2.106107235	5.556568384	2.413673162	6.027426481	1.618236065	5.036476135	0	0.534358233	0.484384134	3.393217325	2.775634885	1.47719872	1.394223213	36.17007637	3.112671852	4.017189264	1.144740343	0.292035712	11.27005577	3.126468539	1.826628029	0	25.70013332	111.7901993
pas25	96.64702988	0	4.825654745	350.2526093	34.74347305	2.993852258	35.83703041	0	0	0	8.604851246	0	0	2.397059441	5.630773544	5.812226534	12.95568705	0	12.52442074	3.346514463	1.188601553	2.167374372	0	4.353419781	2.560792923	0.925256699	94.95321655	6.986991644	1.248742342	3.581654787	2.00656563	13.15156746	8.190746546	8.265590191	0	94.0806694	247.3692551
pas26	152.6654053	0	6.893918991	468.4098816	21.64125824	1.641893625	11.14196777	0	0.346691132	0	83.89163971	0	0	1.167587399	3.149755716	0	8.981661797	0	17.5344429	0.352079183	0	2.02265811	0	0	1.270386815	0.655875862	18.18200302	3.391612053	0	0	0.304747105	8.23049736	2.362625837	1.053516269	0	46.38376999	165.9687653
pas27	86.69557953	1.51115948	4.582533836	151.3614655	9.992936611	2.245371938	12.17303324	0	3.617938995	0.101825997	30.81320667	0.989001006	0	1.620673478	5.530541897	1.216230989	2.611348987	0.90329653	6.644310713	0.973019511	0.754688978	1.299989522	0.345153503	3.79569602	1.186333001	2.214321554	50.22016716	4.352980375	0.966736495	1.907485008	2.221341014	9.295454025	3.289473534	1.527754009	0.495819494	30.55405521	94.59521484
pas28	100.6259003	0	0.266195267	0.364379436	0	0	0	0	0	0	0.052162632	0	0	0	0	12.22723007	0	0	0	0	0	0.040190112	0	0	0	0	0	0	0.126188889	0	0	0.729472041	0	0	0	0	122.65345
pas29	175.3026886	0	4.431951046	448.9976196	57.11171341	2.400560617	9.266937256	0	0	0	47.51810455	0	0	3.332054615	16.89280701	10.05153751	14.16538048	0	9.051915169	3.080690622	1.776381135	0	1.430643201	2.921004295	5.887334347	1.327639341	38.14717484	10.88352585	1.218713999	3.943713427	4.862202168	16.13719559	3.130330563	4.571589947	0	41.14352036	80.26315308
pas30	95.59390259	0	3.609540224	10.07386589	0.920517027	0.970287621	6.445872307	0	1.306365252	0	4.093084335	2.692358017	0	2.648910284	1.89109695	3.110240459	0	0	0	0	0	2.406415224	0.356606573	0	0	0	8.096396446	0.010517138	0.994746923	0	0	3.133857012	1.178869009	0.762784779	0	35.042099	117.0974426
pas31	95.92465973	0	1.049136877	6.650149345	0	0	0	0	0	0	1.469804049	0	0	0	0	17.82339096	0.589214504	0	0	0	0	5.628190041	0	0	0	0	0	0	1.764260888	0	0.280974835	4.735405922	0.121943302	0	14.37044716	3.149115086	69.55016327
pas32	85.39537811	0	2.068089008	19.49271584	1.366842031	0.821962357	0.121706918	0	0	0	2.736193419	0.492217392	0	0.676166713	0	3.770592451	4.253256798	0	0.050025757	0	0.578961015	7.017456532	0	0	0	0	0.385581166	0	0	0	0.9673751	15.41213226	1.221256971	1.005028725	25.91224098	14.45179367	89.05632019
pas33	87.88511658	0	11.7266531	284.2384338	13.10197926	0.880336702	9.327612877	1.344016552	0	3.6492033	23.82400703	1.921139956	0	3.966115236	17.47637939	0.016601305	11.25209045	0	14.58705235	0	3.688822269	0	4.701443672	6.063672066	1.010753036	0.726698458	40.42860413	9.946333885	1.61630249	8.027835846	0	10.27392387	2.660132408	0	0.529284179	62.61680984	55.96912003
pas34	146.5818253	2.80714345	4.613304853	8.199121475	1.625812888	2.381923318	0	0.742140919	0.670819819	0.393188387	3.88867414	13.79115629	0	10.76553392	1.70146364	57.50963593	3.184111953	2.710044026	40.84883308	1.339901805	5.589789867	8.05112505	1.972480774	0.009812557	2.712209702	0	0	1.559086382	46.53856087	9.002460957	3.165053725	8.508497715	3.572054625	2.214729667	3.600843668	6.946587563	80.40808487
pas35	110.2934036	0	1.243970096	80.54758072	15.09904957	0	7.253617048	0	0.115665846	0	112.0214043	0.666377127	0	0	0	0	0.980651587	0	5.124619961	0	0	0	0	1.043889284	0	1.234758854	4.933926105	2.656694531	0.061547074	0	0	0	0	0	0	7.895828485	80.41970062
pas50	202.1799316	1.202254534	1.042578816	22.47885704	9.894883156	0.067979902	9.604557991	0	2.805270195	0	31.31964493	1.359082818	0	8.881842613	2.210111141	2.758855581	13.28399658	0.608657837	0.565466344	0	0.600145936	0.595445275	3.199910402	1.803543925	0.887542665	0.917591155	14.16704559	1.438113332	2.203997135	0.721714079	0	3.264761209	6.701800346	1.649342299	0.387260258	104.4790497	235.1313171
pas51	298.3544312	0.044987489	3.626037836	26.89963722	6.635659218	0.654700696	28.34761047	0.062092494	1.073128343	2.871782064	190.488739	0.69018364	0	6.322886467	0.87508738	6.549837589	47.45116806	1.158576369	1.94235909	1.212677479	0.283400714	2.605496168	2.221656799	3.798603535	1.370702267	3.561726093	15.69840145	5.77214098	2.645958185	0.724345982	0.589961171	4.713546276	11.19669628	4.602361679	0.951725304	97.62905121	132.8542023
pas36	108.8202438	0	13.97099352	350.9432526	8.510171413	5.189917088	19.97137356	0	0.028247295	0	32.77663612	0	0	4.175396681	1.644245207	0.646082699	7.876965523	0.014664544	11.38596439	0	0.659034401	2.734505177	0.582026988	0.571746767	0.966532767	0.970096022	13.73431158	1.288399637	0	1.134360373	0.346951678	16.51395893	2.295604467	4.300689697	0	73.10797501	209.9463959
pas37	119.7186394	0	8.751872063	302.2476349	17.12046719	3.110971928	18.58312893	0	0	0	43.59071541	0	0	1.711629987	7.010055542	1.778625011	9.282042503	0	9.981973648	0.521248013	0	0.400487065	3.387756467	2.867574215	0.837477505	2.485857844	35.25217628	3.899158597	0.733471334	1.065942436	1.82223171	18.74563026	2.677543879	2.325678349	0	64.85633087	123.1789818
pas52	335.154129	1.688468665	8.547798634	145.6272001	11.85042095	0	28.31593227	0	0.259814322	0	102.6258926	0.384757221	0.115111232	4.405781746	6.559623957	10.11045241	48.12195778	0.239440262	4.635025859	0.533410788	0.723046452	1.426575541	2.274324417	3.598241925	0	2.593289971	29.32169676	12.47365093	1.651863605	0.506691016	0	0.543943405	12.29121399	0.624127209	1.100584924	68.83831978	112.5403252
pas38	193.852417	5.665290833	9.297498703	436.0666199	13.13173771	2.700727701	22.16050911	0.721571267	0	0	65.28079987	0	0	0.920211673	2.772129536	1.862220407	1.746121645	0	16.99297523	1.911795378	0	0	1.987812757	7.636360168	0.811195433	3.637190104	19.38828087	5.133845329	0	2.12116456	0	10.59236145	2.9868083	1.841709375	0	22.67368889	156.9680786
pas39	85.98865509	0	4.725177288	8.689120293	5.018894672	0	0	0.986433923	0	0	6.841923237	0.361318707	0	0	0	2.656552553	0	0	2.115609407	0	0.021791972	0.428814918	0	0	0.547092795	0	1.212939143	1.114150643	0	0.380073667	0	4.549953938	0.174952328	0.852645874	0	24.14986992	124.216156
pas40	216.0434265	0	8.520908356	107.4958878	14.27908707	0	0.150890708	0	0	0	58.98100281	0	0	0	4.198018551	75.41963196	13.74451542	0.117282964	1.967088699	0	0.570119381	2.065740585	0	0.544231772	1.346796751	0	44.93386841	0.741339445	2.482304811	2.058521271	0	8.543024063	7.426503658	0.362255096	0	17.73795891	176.8334961
pas41	43.82567787	0	1.272759795	5.90560472	3.301442385	0	0	0	0	0.517430425	26.72197306	0.210192621	0	3.031885505	0	0	1.742241502	4.799788475	3.840351582	0	0	0.561746061	0	0	0	0	0.031624526	0	5.601195097	0	0	6.887614965	2.405915976	0	0	15.24297088	295.7336121
pas42	96.58796692	0	6.155467987	433.0698853	12.86896801	1.296466708	13.5039587	0	0	0	30.73389816	0	0	1.993721843	0	0	1.205411315	0	13.72147179	0	0	0	0	4.558753014	0	0.973918438	2.845588446	2.265366793	0.118507467	0	0	2.885796547	0	3.241559982	0	32.71244812	192.2735596
pas43	185.4060669	0	0	224.7641296	19.52902222	5.299601078	9.828559875	2.108410358	5.04155159	0	210.7402802	0	0	4.269308567	6.077275753	7.87447834	20.10826874	0	15.69428062	3.58267808	3.78559494	0	0	6.465145111	0	0.617733836	2.175857067	0	0	9.071558952	0	3.597217083	0	0	0	24.78491974	124.334198
pas44	116.9440384	0	8.859408855	531.390564	16.57496738	2.299282193	14.26647186	0	0	0	53.63056946	0	0	0.751476377	2.352835894	0	9.495131016	0	17.74856853	0	0	0	0	0.584022462	0.904945284	0.694026738	1.618238091	0.014140317	0	0	0	4.975925446	1.350721478	2.720850468	0	52.57001114	155.709404
pas45	77.05492401	0	29.78515434	200.7450104	19.53123665	2.211825848	10.34096622	1.182365775	0	0	37.65641403	7.952446461	0	5.927484512	2.951131344	6.878045559	12.53105068	4.56752491	8.391824722	0	0	4.731506348	0	0.233519346	0	0	0.176644608	0	3.986607552	0	0.276659846	0	5.065080166	8.204953194	0	182.8000336	61.17383957
pas46	89.67961884	2.57781148	6.409891129	136.0287781	16.46987915	1.126232982	5.877140045	0	0	0	25.1239872	1.044186473	0	3.061693668	13.19043446	0	6.244212151	0.34011057	7.183523655	0.857437491	0	1.11521852	2.401455402	3.178356886	0	0.078811407	15.83150959	5.210621357	2.395151615	1.858126521	1.068326473	15.00905514	4.808552742	3.682665825	0.852171004	45.63333893	172.899353
pas47	89.81638718	1.009509802	14.85236692	231.0974579	9.644278049	2.034748316	15.57327604	0	0	0	16.47913027	0	0	0.993718207	3.863968015	0	5.294880509	0	3.952523947	1.869215161	0	0	1.339585453	1.645510435	1.129255936	0.068333089	26.82532883	6.979450464	0	0	0	14.81110334	0	0	0	21.41757774	90.90943909
pas48	136.3293228	1.467076957	7.770441055	98.94886017	12.82648659	2.730229139	7.550528526	0	0.489998639	0.560367286	195.5506821	6.522705317	0	3.619876266	1.379813075	10.5455966	13.01236153	1.585078835	4.009785652	0.529441997	1.39744103	5.058041573	1.565341055	6.116689682	1.589090109	6.662736893	29.37027931	4.274775743	3.880292535	0.752977103	1.104407609	9.404128551	6.57965064	1.52648288	0	82.35658264	76.40155792
pas49	82.46562958	0	4.468142033	337.0045776	21.79379272	0.995991468	16.09301567	0	0	0	46.67939377	0	0	0	1.748438716	1.123429537	5.053803921	0	12.19360542	0	0.32331562	0	0	0.137082264	0.856097996	0.889592767	10.8877821	0	0.26805082	0	0	1.044659138	0	0	0	42.47418213	177.6411438
ctr10	153.2556915	4.159369707	15.84893036	488.1242676	16.72580242	3.362914205	13.92825317	0	5.591348171	0	26.18397713	2.553377867	0	2.718078494	2.604532838	0	4.250926971	2.304451704	17.55888367	0.660090595	0.793792844	3.999588609	0.54768011	1.789179325	0	2.437371969	33.21976662	38.40001488	1.629501998	0	0	27.34629154	1.462827742	1.46069473	0	46.90595245	268.6235352
ctr11	363.2571716	2.428038836	7.572855473	186.8652191	8.956272602	0.019017212	6.326321363	0	3.475038171	0	29.99049854	0	0	3.080896139	4.700714111	0	21.54494953	1.043617904	5.947173119	0.510159194	0.027332584	1.981162667	1.490770638	1.022342503	0	1.698418915	45.84913063	4.806682587	2.013642311	0	0	2.62734437	0.355184406	0.080818277	0.043816272	54.87287521	455.2462311
ctr2	161.3665009	0.28791371	12.2291584	356.9646912	9.427154541	2.826254368	15.21176243	0	1.001070142	0	29.95521545	4.498099804	0	5.478158951	7.083328724	3.497509241	11.92255497	1.577459693	22.84304237	0.44483	1.467963576	4.635370255	1.042005658	1.907521725	0.148346767	1.484277368	17.44698524	11.09977245	7.393858433	2.00332284	0	12.09782791	3.062588215	1.363499641	0.402674884	36.1686058	237.2229004
ctr3	182.0453262	1.557164431	9.688482761	426.8699493	9.863559246	2.031586051	24.85736942	0	1.1883865	0	45.25784874	2.563447356	0	2.892399907	6.728991032	0.195068046	4.977434158	0.221239477	20.60376835	0.419142976	0.717447847	3.39675796	0.708492041	3.67143333	0	1.81629169	22.11047649	12.4810977	3.695893168	1.902769208	0	8.188820839	3.282412648	1.046060741	0	21.31929588	324.5956879
ctr4	81.63903046	2.257540345	9.948322773	206.4030075	7.696238279	2.264715433	10.47644329	0	14.70917511	0	11.08623028	1.858275056	0	3.684456468	1.733827353	0.32318835	9.586543083	3.657640338	7.927175522	0.011991875	1.863409758	3.650931001	2.218549252	3.624159932	0.001500154	0.934341699	13.1031065	4.321881533	3.416450739	0.195078887	0	29.51420307	1.072263002	1.069327652	0	46.02352715	123.9668732
ctr5new	111.8378296	2.325849652	14.21499586	561.7275696	17.3951807	2.753744483	14.04849195	0	4.661194563	0	18.87107277	2.095336914	0	3.0224576	2.252111435	0	5.149394035	2.147525668	19.01100063	0.431567624	1.503790855	5.625307322	0.959635973	0.998224229	0	1.426430881	30.97840977	41.19499969	0	0	0	34.5208168	1.11370945	0.877671272	0	39.99689674	236.2475204
ctr5old	145.5826416	5.971301079	18.5431881	336.5716858	9.652413368	3.635703802	14.88657188	0	2.639934778	0	38.05541992	7.153563976	0.971976876	5.892706871	5.828151703	1.816969275	11.51280212	7.280488968	13.95659924	1.441737413	4.4071064	3.58731842	6.324375153	6.239555836	0.082881279	2.89644289	23.4212265	19.0154953	0	2.102671862	0.484094739	71.16673279	2.337541103	5.592139244	0	75.42651367	202.9832001
ctr6	83.77806091	0	7.801358461	409.4951477	13.62563705	1.037256122	13.2389245	0	0	0	14.66494703	0	0	0.25022725	1.106708288	0	3.126595259	0	11.63003159	0	0	0	0	0	0	0	25.19495106	33.03577995	0.489655763	0	0	3.03625071	0	0	0	37.07317734	172.9112015
ctr7	191.5374603	108.5675659	16.25188446	551.4555664	22.76039505	2.857434988	20.62867928	0	13.6273365	0	44.58067322	10.2911787	0	0	4.379981041	2.979110003	12.22346783	7.663354874	27.36848831	0	4.320941925	12.35686588	8.34582901	5.315027714	0	2.950909853	48.3435936	53.33604431	12.94609261	4.935831547	0	87.4635849	11.3383379	4.443117619	0.519239426	49.39057922	322.4803162
ctr8	153.2556915	4.159369707	15.84893036	488.1242676	16.72580242	3.362914205	13.92825317	0	5.591348171	0	26.18397713	2.553377867	0	2.718078494	2.604532838	0	4.250926971	2.304451704	17.55888367	0.660090595	0.793792844	3.999588609	0.54768011	1.789179325	0	2.437371969	33.21976662	38.40001488	1.629501998	0	0	27.34629154	1.462827742	1.46069473	0	46.90595245	268.6235352
ctr9	153.2556915	4.159369707	15.84893036	488.1242676	16.72580242	3.362914205	13.92825317	0	5.591348171	0	26.18397713	2.553377867	0	2.718078494	2.604532838	0	4.250926971	2.304451704	17.55888367	0.660090595	0.793792844	3.999588609	0.54768011	1.789179325	0	2.437371969	33.21976662	38.40001488	1.629501998	0	0	27.34629154	1.462827742	1.46069473	0	46.90595245	268.6235352
