ID	CD45	EpCAM	casp3	CD45RA	CD69	PgR	CD56	TCRab	HER2	CD25	CD44	PanKer	TCRgd	pSTAT1	TIGIT	CD27	VIM	Ecad	PDL12	CD28	KI67	FoxP3	ER	CD45RO	CD19	CD24	CD38	CD8	EGFR	CD3	CD20	pS6	HLADR	CD4	PD1	Hist1763	CD16
pas1	221.8181763	0	3.94064486	284.2484131	36.02783203	3.48378551	0.861812413	0	0	3.512261152	119.5789986	0	0	3.574393153	0	23.18890285	10.41206026	0.615948826	8.912612915	1.239600182	0	0.121136494	3.944969058	1.878295779	217.2768784	10.00195789	1.888965368	0	0	1.764278293	25.1875906	14.69875479	78.88851547	4.464234829	0	75.75489807	0.453741729
pas2	204.496521	0.722751737	4.015308857	275.1167908	36.25527573	3.953096151	1.220449567	0	0	2.922560215	122.1034622	0.323249191	0	3.212705851	0	25.60464478	24.44176674	0.254808336	8.797072411	0.926007569	0	0.185175523	5.790595055	1.255866885	225.9769287	10.37119865	2.558252573	0	1.557911873	0.728638351	29.88459396	48.45500183	68.09640503	4.611818314	0	72.54953003	2.301661968
pas3	196.053009	1.631567001	5.040749788	450.1901855	29.7420187	2.369464874	1.278445244	0	1.568629384	6.397595167	94.6987648	0.012669648	0	2.792219639	0	31.05957699	6.490981102	0	12.33504391	1.196629941	0	0.044439333	1.131368041	3.865252852	160.9839554	14.89249039	3.253467321	0.076667473	0.200993285	1.49102807	53.0108242	23.70869541	123.9005737	7.53796792	0.380602285	34.22553253	0
pas4	147.9047241	0	3.109358072	240.9333801	22.05561829	2.82553792	0.50791806	0	0	2.692604542	95.40266418	0	0	3.611336946	0	40.2919426	5.149558067	0	7.34757328	1.48673737	0	0	4.206416607	5.212205887	164.0472565	11.01410103	2.628243685	0	1.002905607	2.840656757	31.28920174	22.39504814	76.49081421	5.767398357	0	62.79046249	0.151121631
pas5	132.9555206	0	2.104613543	140.0237732	21.30142403	2.178528547	0	0.016102871	0	1.577756643	54.3834343	0	0	4.495781422	0	26.53172874	4.108210564	0.25709796	3.851736069	2.032860518	0	1.13803041	6.264989376	5.997461796	185.0605316	10.70008183	3.521134377	0.885892212	0.754652798	6.776134014	40.25377655	35.01553726	78.14818573	5.892520905	0	33.9560318	0.399061114
pas6	209.506134	0.277880177	1.761668444	73.13639832	14.98310423	2.893762112	0.275820032	0	0	0	142.6338654	0.306296334	0	3.618477583	0	23.36233807	17.35004234	0	2.173473001	0.282887936	0	0.750006855	7.411596775	2.652375221	228.561615	10.57947969	1.891964793	0	2.153715372	0.756287068	38.8419857	42.15647697	182.7438507	8.69187212	0	52.49207878	1.929480553
pas7	194.5140076	0.214817658	3.340441465	216.78302	19.64862823	2.734412193	0.316927999	0	0	9.095243454	91.56510162	0	0	3.109235525	0	25.04355431	5.44137907	0	7.067286491	0.984039247	0	0	3.825096846	3.75113821	188.6544037	16.29482079	1.760599494	0	0.850633562	1.948681712	22.93805695	29.02496529	43.30776596	4.563881874	0.733782053	23.74890709	0.29814446
pas8	143.8414307	0	2.637260199	186.6915054	17.67666435	0.184014462	0	0	0.134234756	0	88.78689957	0.407152504	0	1.126405239	0	11.90709543	4.957493782	0	10.97390461	0	0	1.715245664	0	0	158.1536865	4.868794203	0	0	1.210545123	1.101731062	21.30703068	14.33607483	148.2687607	4.434336424	0	10.72040033	1.831513345
pas9	222.2811584	6.102453709	5.9626894	526.5613403	29.88838768	2.310720444	0.809447706	0	0.295152932	2.834104538	198.0334015	0	0	2.29551053	0	26.23003197	18.40442467	0.395764112	19.14783096	0.860893309	0	0	0	1.522230625	150.9594116	24.14138603	5.504877567	0	0	0	38.80824661	17.26950073	81.89450836	4.60286665	0	55.93637848	0
pas10	161.7880554	0	3.710301161	244.9537354	7.520232677	1.83651185	0.585053265	0	0.649624348	0.555529773	84.25579834	4.511936665	0	3.801886559	0	12.19419956	10.49656487	0.248519793	11.28675461	0.779737115	0.100876577	5.566834927	2.531295061	1.424256206	108.2447052	4.932450771	7.056222439	1.032705188	3.853326082	1.957748532	35.63420486	28.09981346	147.3095551	8.328110695	0.647906721	34.35664749	1.418229818
pas11	160.8417358	0	8.233670235	611.8535767	24.5495224	4.751307011	1.599299669	0	0.77728188	4.574742794	116.3295364	2.180240631	0	4.561749935	0	35.71336746	13.56895161	0.98011452	20.02952385	1.626339197	0	1.759411335	4.459629059	3.159651518	154.343689	18.88353348	1.697295547	0.123504683	3.535834312	1.841535091	25.51864243	18.16044807	83.37169647	5.749754429	0.006911572	58.89099121	0
pas12	90.52973938	0	9.843782902	141.7880859	18.47055054	8.506940842	0.038093228	0.778364122	2.927038074	0.189555265	41.83950806	15.02128839	0	15.61488056	0	12.27214193	15.33089447	3.934737444	6.394130707	0	13.56959677	43.7273407	14.0221386	5.007647514	45.5793705	10.12490511	3.510665059	0.860234231	15.53649998	4.079253435	25.51338673	310.5837402	95.1725502	15.05848265	21.9508791	191.927269	5.76284647
pas13	140.873291	0.804732502	5.671513081	406.3461456	25.36077881	3.436874986	1.144581974	0	0.342602	0.90833202	90.54559326	0.017766001	0	2.637405038	0	28.28334332	23.8537159	0.619508505	11.6429944	0.932890028	0	0	3.944379449	0.0904245	142.1815491	9.859424591	2.749873519	0	2.000536442	0.296838507	25.64009285	79.4372673	61.16882896	4.017630577	0	50.75023079	2.239300609
pas14	243.7508011	0	5.434081078	419.8184967	40.52683067	3.926041842	0.886226684	0	0.216954075	3.879711509	182.1678696	0.721776009	0	4.597025156	0	29.45184517	15.8995347	0.210027568	12.69561529	1.210083544	0	2.072999835	1.430337131	0.848167449	185.7248535	22.55679321	1.920026302	0	0	0.617533445	34.61978149	44.33900261	60.06782722	4.421166897	0.411658823	76.41178513	1.205252349
pas15	203.7138748	0	5.813738585	460.7687378	22.26604748	2.046142697	0.958084762	0	0	2.109427929	220.7395172	0	0	0.817893207	0	29.91745472	12.72836781	0	15.70653486	1.048955142	0	0	0	3.619192719	135.7490158	19.74807644	3.640833616	0	0	1.292221129	37.09738159	9.663037777	71.69761658	5.495940208	0	37.63566589	0
pas16	185.0008698	1.422924757	4.202535152	315.1358948	14.27864742	5.287327766	1.266909361	0	1.473894596	1.895303965	104.0139084	3.609115124	0	5.5982337	0	11.32644939	11.05571079	1.337912202	27.23524094	0.953077734	2.79590106	5.034958839	3.488910198	2.154520512	98.00656128	8.502782822	5.940480709	4.862825394	9.028161049	1.986970067	27.52352715	41.13179398	213.3313293	10.79637527	2.096576691	38.08551025	4.002678871
pas17	235.1270599	0	5.041698456	401.7506714	18.82588577	3.367322206	2.002252817	0	0.498871922	3.21206522	216.7050476	0	0	2.62430191	0	48.12836456	14.73790741	0.063769899	15.02159119	1.281737685	0	0	1.137990952	3.715814352	126.4722214	19.24229622	3.651531219	0	0.058326811	1.096139669	30.44764519	22.46609116	107.5804672	6.854701519	0	63.9223175	0.343436241
pas18	203.7204742	0.139056563	5.23839736	429.2736816	21.13145351	3.733178735	1.21286267	0	0.134618573	2.907830358	157.279335	0.068411797	0	4.77605772	0	69.40281677	13.57787895	0.706836343	14.01016235	1.621012449	0	0.704677224	5.05342865	4.704077721	220.7045593	19.0398159	4.946295261	0.474907681	0	3.209987521	33.96025658	36.66149139	103.7665024	8.161727428	0.018316722	65.52157974	0
pas19	160.271553	0	7.847588539	317.6039581	12.98223019	1.492490649	0.896273524	0	0.871865451	4.254709244	103.9119225	2.13487041	0	6.32574439	0	11.84653521	14.36386967	1.561192513	17.24219608	0.174466323	1.599597216	17.99563122	2.080217004	3.243103147	124.825695	10.90112448	3.185578942	0.321504518	5.467558622	2.263925672	22.14146233	36.03337479	165.9211731	11.94769478	1.195624173	43.18071938	3.673479199
pas20	220.2984161	0	6.906809092	660.9246826	28.85185909	4.348306417	1.623770416	0	0.502515495	5.967060089	107.0988197	0	0	3.80881238	0	49.90627861	17.08121586	0.478741646	19.7418108	1.244888425	0	0.643664181	4.30721736	1.938589752	103.1569214	27.44454193	5.751080275	0.178307101	1.732039094	0.964856029	48.8805027	40.93737793	110.3517456	7.507047653	0.292699665	103.8329201	2.841825128
pas21	250.9374847	0	7.255751848	610.0682373	25.90326595	4.388928413	1.809325576	0	0.436861932	5.088666677	163.3834076	0	0	5.33342886	0	38.53007698	18.69326401	1.076093972	19.74008465	2.231816769	0	0.303773627	2.935120821	7.037336111	156.6272812	27.01098537	5.977471352	0.678263396	0	1.183095813	28.17324257	25.09134388	75.19228745	8.19840765	0	122.5222549	0.343481302
pas22	284.5670929	0.122063085	7.503985643	655.3545227	27.18196583	3.779817939	2.62612009	0.205502741	0.816957921	2.871023536	235.801178	0.012356401	0	2.196587682	0	31.6158371	16.76731491	0.251455665	21.39809704	1.663397133	0	0	0.951502323	2.81123054	169.192955	27.09359074	5.170663595	0	0	1.237373829	56.61764908	27.13112068	65.27971268	5.693365097	0	98.08628464	0.446637794
pas23	214.0135651	0	7.352689266	592.2893677	27.22734833	4.52584672	1.625543952	0	0.381079078	4.759337425	138.7746964	0	0	5.400676489	0	58.13994408	23.31835747	0.761057615	19.42495155	1.732373655	0	5.517946243	3.44868958	2.869329333	191.1972275	17.04676819	3.429540515	0.65036425	0	2.984965086	45.37243462	77.92057037	77.88389206	8.885029793	0.238642015	148.8354187	0.544374734
pas24	183.2095795	1.663398623	6.651849031	638.6170044	25.30438232	3.885446787	1.727768123	0	0.109978847	10.20069122	115.246151	0.188429572	0	2.805885673	0	33.71098709	15.04843426	0	21.12575626	0.970557868	0	0	4.768301487	2.057621479	116.2550507	18.36994743	3.645935297	0	2.209337354	1.302867413	27.51132011	65.80820847	41.50424194	5.119419813	0.022892272	47.65304947	0.778887868
pas25	167.8908234	0	3.453461409	336.9274292	22.49582481	2.878661156	0.675739944	0	0	2.007487774	91.92997742	0	0	3.157578945	0	35.91786575	11.36382389	0	10.81580448	1.432411075	0	0.082681775	2.535814524	2.983236551	110.9466705	21.33992958	2.283437252	0.369865149	1.571413517	2.623498917	45.69449234	30.40726662	87.29666901	7.787822723	0	65.8859787	2.450513124
pas26	268.9689941	0	7.013202667	668.5778198	27.03873062	3.548928976	2.240098238	0	0.357158244	5.718031883	269.6296082	0	0	1.671643138	0	49.26548386	18.71415329	0	22.41901016	0.992967606	0	0	0	1.699176311	130.6098175	22.96492767	4.054734707	0	0	0.295626432	34.46747971	15.54670811	100.2448044	5.64688158	0	57.54119492	0.779691756
pas27	122.6404343	1.589119017	3.348441005	221.3605576	15.37858343	2.049595952	1.038347006	0.373134494	2.478691936	3.466490984	88.41770935	0.82733801	0	1.685316503	0	20.37817097	5.901570559	0.587623	8.121282578	1.937285006	0.045995001	2.005374551	1.315909445	4.97688961	73.29711914	15.97820568	3.228764534	1.698176503	0.639302015	1.31062597	23.24149799	15.46349335	61.75545311	5.659215927	0.240061998	43.41413116	0.224785998
pas28	199.952652	0	6.257879019	454.7581787	28.43907356	6.030269384	1.609909534	0	0.542235464	1.538802266	142.8384476	1.211535931	0	6.267885923	0	14.54994011	32.35172462	0.66095838	13.7794981	1.064603329	0	19.89731121	4.615112066	0.839506328	116.1861687	19.59536934	2.119995117	0	5.771131992	1.853126526	39.49876976	118.6239853	105.2505379	10.11746454	83.13450623	156.7497177	4.844586134
pas29	168.9309616	0	4.489194632	447.1553802	18.17348099	3.040523171	0.89625147	0	0.06790271	4.462135553	72.56212234	0	0	4.176987171	0	31.92134666	9.283594131	0.005670746	14.35372925	1.368237853	0	0.349361956	3.60555172	2.950334311	103.3606644	14.74859095	5.154262781	0.534538418	1.22366029	1.94979912	31.8898344	33.93936157	93.90776825	7.252871752	0.115397986	53.08058929	0.95242545
pas30	160.9157104	0	4.921738148	414.8820801	19.72485733	3.922938824	0.977209806	0	0.384445071	4.034310818	129.4423218	3.902974129	0	2.713415861	0	29.33500481	13.77181053	0.398612678	10.59659576	0.338343054	0	0.471241951	3.637284517	1.028542399	135.8643494	18.07668114	1.382024646	0	1.629078746	1.275037527	24.49242592	19.25303078	108.7839127	6.002178192	0	52.24308395	0
pas31	164.4974976	0	5.477443695	426.8971863	33.59368134	5.868674278	1.225933313	0	0.531808376	2.611079454	110.6273651	1.450139284	0	5.914648056	0	13.62046146	22.2898674	1.169276834	13.64474773	0.745661497	0	15.56597042	4.097773552	0.998188734	108.9278564	19.56628418	3.024806976	0	1.431268096	1.516957998	34.87853622	75.62353516	109.2782745	12.08608627	37.64212418	123.0378189	2.42854023
pas32	197.6579437	0	5.368599892	496.6872253	32.05732346	7.041247368	1.679847479	0	0.490130037	3.910344601	104.3162689	0.679430783	0	5.919944286	0	13.84895039	32.78964233	1.174586177	15.61802101	1.14106214	0	15.96051407	4.115912914	0.599012077	101.6534042	21.15450287	3.202113152	0.273536682	0	1.353392839	60.25322342	96.24430084	64.81799316	10.24039268	52.48548889	199.5987854	2.685420275
pas33	151.9046631	0.487491429	5.852706909	512.4187012	19.19671822	3.595053196	1.364685655	0	0	5.390409946	107.6691055	0	0	2.699713469	0	22.06801987	11.60428143	0	16.05764198	1.072944045	0	0.180173904	5.216688633	4.514223099	104.7668533	14.40143967	3.752504587	0.033866815	0.964721441	1.421582103	24.68451691	84.94890594	81.47025299	7.036719799	0	55.24151611	0.155222192
pas34	208.8511963	1.116631031	5.78349638	343.3459778	22.29959488	4.882779121	1.454669237	0.132414252	0.666886806	1.792016149	77.21357727	9.584323883	0	10.56455326	0.969446957	21.14781952	11.85197639	1.538688064	32.0574913	1.520231128	2.798006058	5.365135193	5.338531971	1.180280447	114.3031693	7.01513052	5.592674255	1.245044351	19.43537521	5.07531786	24.08140755	33.16150284	165.4180298	8.843016624	1.726772189	43.83355331	3.665792704
pas35	214.3644867	0	2.595543623	251.4492188	22.52083015	1.84252274	0	0	0	0.291474462	183.6304626	0	0	1.59274447	0	36.23355865	11.91237164	0	8.756614685	0	0	0	0	2.769848108	140.4839783	17.07309532	5.289163113	0	0	1.261214972	53.98928833	22.79114723	147.721283	8.146103859	0	43.68483353	0.733605385
pas50	354.664566	3.173621774	9.298216343	384.5103455	27.78457165	1.67285347	3.184233785	0	2.115348458	7.587950468	129.9952774	0.048007576	0.287819773	4.815878153	0.240620017	36.5595665	79.63601303	2.353906274	9.350505352	1.719963133	0	1.045834661	3.802298069	2.573755145	90.85081863	25.10057354	3.476009011	0	1.581104457	0	0.398954049	13.68372917	175.2324905	8.517459393	0.394352868	139.2500381	0
pas51	342.6430969	1.06764257	4.857519865	278.6821594	11.75878811	0.933170378	1.984698653	0.221702717	1.780364573	6.37253952	143.5587997	0.585202396	0.335718855	5.047772169	0	54.24285316	118.4626732	2.420461178	7.058312893	1.389530957	0.177164242	0.820811629	1.945204139	2.566423416	132.3419952	35.93528175	2.496438146	0.415152714	1.561624169	0.657617927	0.936160207	11.52684641	211.3242264	10.49091816	1.058296382	110.1702728	0
pas36	205.9997253	0	4.323560238	268.2157288	16.20496178	4.156844139	0.418265551	0	0	7.841605186	80.94428253	0.226925209	0	5.433041096	0	39.78029251	8.766583443	0.537461519	9.233114243	0.854605615	0	0.814719081	4.652420044	1.7533741	126.4359665	11.79622269	1.194354773	0	0	3.153397322	10.86183739	82.78851318	61.7604332	7.002863884	0.70374608	58.14865112	0.219404891
pas37	145.50914	0	4.31492424	305.4788513	20.08820724	3.495555639	1.08839047	0	0	4.250581264	127.877594	0	0	3.476850033	0	32.91500473	18.46362877	0.165202141	10.40004539	0.864271641	0	0	5.515753746	2.722766161	108.9297791	13.89853764	4.937819004	0	1.109143734	1.618053913	45.56664276	32.84893417	43.79439926	5.573907375	0	83.87626648	0.7364254
pas52	279.9970551	5.340378284	11.61537552	344.7156067	29.7539978	2.434485674	4.785245895	0.540262789	2.849576592	6.374568939	193.5889511	0.185456209	1.239797831	3.328881025	0.759355426	45.10686684	70.11381531	2.007318318	10.46141529	2.126080632	0.118678592	0.87568441	1.735944211	2.502813339	139.7231598	32.47587776	5.966049671	0.131136511	0.817308187	0.601182282	0.093802083	10.22127962	238.9965134	9.448762894	1.630950928	79.6431427	0
pas38	289.8956909	5.067862511	9.226273537	742.7001343	31.79703522	4.99233675	3.532981873	0.298695773	0.689564347	5.325474262	242.6763153	0.114523061	0	3.016009092	0	43.39017487	8.228654861	0.261954308	23.46583176	2.5665555	0	0.367192924	4.348578453	10.13858891	211.4637451	32.41559601	5.364954472	0.500779271	0.959035516	4.19246006	50.48581314	56.5806694	126.5079117	9.705152512	0.336555481	61.51355743	0.833896518
pas39	219.2233429	0	6.915705681	656.9817505	24.60445213	3.468057871	2.030573606	0	0	3.368768454	173.3898468	0	0	1.880979419	0	37.89623642	13.55389977	0	22.37800407	1.812683821	0	0	0.328608274	5.019086361	119.4735718	27.56820488	3.753198385	0	0	2.228709698	40.60902786	21.30227852	55.61709595	7.556732655	0	99.30332947	0.445010781
pas40	220.528389	4.18854332	3.567510009	257.7245941	37.74095535	3.764647722	0.959505379	0	0.044027592	1.468606055	126.0334129	0.96634078	0	4.417219162	0	46.48790359	38.39096451	0.605629921	8.022445202	0.9226363	0	0.265267596	4.51474905	0.504290625	156.4903946	15.63992405	3.140457869	0	1.048667789	0.898533404	71.98856354	51.02122879	159.5234756	7.568263769	0	44.4946537	5.003459454
pas41	236.6293182	0.944451571	4.302197456	318.2851563	17.92472458	2.732330799	1.801565051	0	0.745248497	1.919452667	190.0375519	0	0	1.852299571	0	45.4927597	35.74004745	0	12.10360813	0.756765604	0	0	0.003966196	1.087675214	177.1233673	23.00180435	4.421301365	0	0	1.25664556	66.51065063	24.1293087	149.8431091	8.49352932	0	89.35900116	1.540315151
pas42	149.0218506	0	4.877386093	595.903656	18.79131794	2.334314466	0.583895266	0	0	3.757979155	106.8261528	0	0	1.042134941	0	27.85600567	10.46616077	0	19.99909973	0.868407547	0	0	0	5.362351656	99.61560059	14.52971029	0.292024136	0	0	1.45969063	29.24480057	29.12147999	36.85089874	5.939190149	0	62.43668175	0
pas43	251.1642151	0	5.563625813	281.277832	21.89461327	3.082494974	1.986150742	0	1.106246471	1.81323874	255.3220062	0	0	2.391157389	0	60.50250244	25.88247108	0.509247839	11.4514389	1.002952695	9.12611866	1.140957952	0.699372232	1.526890278	141.9162903	19.6318512	3.252293825	0	0.964339375	1.972098112	52.94149017	17.78717804	84.60629272	6.604714394	0	51.31832123	2.760215282
pas44	159.0679245	0	5.189241171	520.6444092	25.85678005	3.094911098	0.881922275	0	0	3.483705759	124.7963104	0	0	1.844535887	0	41.65809059	21.30494213	0	17.48507404	0.333725661	0	0	0.241869174	0.920694441	129.9952469	16.50959301	0	0	0	0.116341338	20.47825527	11.8736763	19.82188034	3.877665401	0	80.71030426	0.060491154
pas45	109.493248	0	6.347364902	485.6444855	33.26442909	3.020837069	0.74127993	0	0	1.438243628	159.9194565	0	0	0.889907539	0	54.75552559	14.59215403	0	16.45228767	0.118817918	0	0	0	0.172284774	133.9408112	10.07850933	0	0	0	1.388824821	11.50023365	14.19443655	108.185173	6.590567589	0	71.69767761	0.563324839
pas46	233.8041534	3.91992116	6.493258476	584.0911255	28.58251381	4.183456421	1.586189747	0	0.14180623	4.582927704	122.4294205	0.547077358	0	4.2026968	0	40.65221786	14.20604229	0.226164892	19.77957726	1.332517147	0	0.000729257	6.733454704	3.438834667	121.9813995	24.95523071	1.585028172	0.353475809	2.629467964	2.647921562	38.62280273	89.13841248	53.30762863	7.079924583	0.153693452	64.12577057	0.773867428
pas47	195.95578	3.395525575	5.041792631	407.5416412	29.8921833	3.783204198	1.361062646	0	0	4.225137472	154.5196457	0.242465481	0	3.304332495	0	67.70426941	14.73735476	0.151203826	12.93444109	1.514081001	0	0	6.267457962	3.427092433	274.0331421	19.6255312	4.801779985	1.281426072	1.533855259	4.145915508	36.80870628	36.04449654	100.4028206	7.783200026	0.190617085	51.81168365	1.01216948
pas48	256.1812439	3.220620871	5.492815971	234.3372726	17.06597328	4.500352621	1.927975774	0.03163884	1.281444073	3.458728075	253.6424942	8.917748928	0	3.290749311	0	33.51921082	26.84358025	2.345679998	9.211451054	1.403188467	1.231861115	5.239475012	3.08024919	3.682316899	230.8313065	15.35621643	5.718751431	0.30011265	4.119839191	1.348050058	65.29942322	24.5376091	101.02248	7.000972748	0.544708759	105.5516624	2.465273023
pas49	177.1786652	0	4.409551382	490.1408997	23.22254372	1.791387856	1.016487718	0	0	2.698122978	195.0593796	0	0	0.725470126	0	30.66284084	12.97075605	0	16.47150135	0.950878412	0	0	0	1.164459825	135.1324463	23.62666893	3.411807418	0	0	0.146053605	35.66184616	10.3767066	88.7080307	6.776112795	0	52.34208298	0
ctr10	357.6502991	5.394935608	12.67122173	808.20578	25.06381321	4.770161867	2.377610803	0.096959356	5.22845602	17.19026947	115.6322708	2.625833154	0	3.658815742	0	41.88787842	8.757004261	2.348472357	26.09776402	1.336090505	0.582143933	3.256915808	1.617921054	2.20860815	246.7548904	12.75242043	3.924615741	1.413985014	0.910897493	0.261702925	30.20256901	32.71351051	244.6548615	8.670459747	0.280927718	59.66173172	0.034763502
ctr11	358.41362	12.58045053	14.74146414	213.473259	23.26369762	1.81953311	6.099898577	1.026468277	10.0332489	12.21505404	163.2791138	2.606715441	2.817344666	6.768336296	1.409471571	31.78465843	42.90016174	4.446459055	12.76659679	2.235434294	1.816319585	3.884928703	5.101900578	3.450160384	176.4570999	42.54144859	10.05849028	0.917491913	2.746795893	0	0.638157815	6.784468412	216.2227173	7.769071102	1.442533135	38.99502945	0
ctr2	241.3318481	1.098194957	11.96602345	744.046875	19.09350967	4.560246468	2.202995777	0.116072595	2.75625205	5.546935558	68.86624146	6.182340622	0	8.018531799	0.652604997	22.61797333	7.777017593	1.704131484	37.07117081	1.419311404	2.266249657	4.714108944	2.656070232	0.5503757	224.9187469	10.76246166	7.730388165	1.754610896	11.21516705	3.094210386	22.11850739	29.68054962	285.1994324	10.36131096	1.546550274	30.89523315	3.770147562
ctr3	282.181488	4.585207939	9.884740829	553.947113	19.17847633	3.683556199	3.059946179	0	3.112866879	3.137229919	108.4389343	8.718933105	0	8.453901291	0.65274173	12.70725918	3.376921177	2.692229033	37.95180511	2.499202132	2.894397736	6.351791859	1.742040515	2.324416637	199.6350327	10.54693317	12.82951069	1.28628695	14.80938816	6.77406621	23.63947487	24.18783283	604.0037842	23.86319447	2.941410303	17.72695827	4.858154297
ctr4	152.9603424	2.909992218	9.066045761	604.9084167	21.57865429	4.125106335	1.223924816	0	23.8747015	5.577085495	33.73236084	3.833782911	0	6.017044306	0	32.71287727	12.5700202	3.771464705	19.47764492	1.833656669	2.404788613	4.482437134	6.605901003	3.085669518	135.2645645	8.262338161	4.899505615	0.668297887	4.082118034	2.59413445	14.90607262	68.75871277	146.0831985	8.043670654	0	48.99412727	1.640088856
ctr5new	277.1853027	3.736911893	10.64553404	939.7002869	26.97758865	3.608274341	1.959565103	0	4.241172075	15.98023224	101.1249352	1.909106314	0	3.975798488	0	43.67626572	10.24314928	1.949366331	28.22242546	1.07518822	0.843124181	4.995760918	3.569820404	1.59265244	277.7721252	11.9476099	3.095171452	2.216364384	0	0.180418834	22.87436485	46.4786129	247.8306274	9.113531113	0.319361866	43.35573578	0.451066568
ctr5old	244.0884399	6.983788252	17.87826729	1008.924866	24.18292713	5.544694901	0.184649967	0	3.025694728	7.9077425	99.42037964	7.276501894	1.029296339	6.711585283	0	39.16631889	12.55792141	7.47363019	31.81929779	2.537885666	4.234421015	2.283972383	8.520576954	4.157710075	235.2469711	14.79170322	6.547724009	7.672651768	0	3.196068764	18.32492828	89.42079163	249.0451813	14.01721764	0.818811595	74.69244385	1.311005533
ctr6	251.2297974	0	6.402791262	719.4856873	24.28765869	2.607817292	0.8170394	0	0.39292267	15.30619526	74.53878784	0	0	2.610161185	0	41.49484634	8.446720123	0	18.9218626	0	0	0	0.929259419	0.282645196	266.0336151	10.4254241	2.445343137	0	0.428297877	0	37.19063377	17.71192455	421.2254486	17.40579987	0	49.46514893	0
ctr7	385.114502	113.9896698	14.53209019	724.1343689	32.7696209	3.922747612	4.058303833	0	17.48682308	11.37770128	208.8868332	13.56795883	0	0	0	29.15181255	17.64193249	8.331651688	35.14088631	0.085709568	5.202415943	12.91922092	11.16860914	6.187085152	291.1658936	16.71277237	7.036541462	8.133595943	16.02181625	6.727319717	31.30854797	114.091362	339.9459076	15.96681976	2.163875699	52.2840271	1.37220943
ctr8	357.6502991	5.394935608	12.67122173	808.20578	25.06381321	4.770161867	2.377610803	0.096959356	5.22845602	17.19026947	115.6322708	2.625833154	0	3.658815742	0	41.88787842	8.757004261	2.348472357	26.09776402	1.336090505	0.582143933	3.256915808	1.617921054	2.20860815	246.7548904	12.75242043	3.924615741	1.413985014	0.910897493	0.261702925	30.20256901	32.71351051	244.6548615	8.670459747	0.280927718	59.66173172	0.034763502
ctr9	357.6502991	5.394935608	12.67122173	808.20578	25.06381321	4.770161867	2.377610803	0.096959356	5.22845602	17.19026947	115.6322708	2.625833154	0	3.658815742	0	41.88787842	8.757004261	2.348472357	26.09776402	1.336090505	0.582143933	3.256915808	1.617921054	2.20860815	246.7548904	12.75242043	3.924615741	1.413985014	0.910897493	0.261702925	30.20256901	32.71351051	244.6548615	8.670459747	0.280927718	59.66173172	0.034763502
