ID	CD45	EpCAM	casp3	CD45RA	CD69	PgR	CD56	TCRab	HER2	CD25	CD44	PanKer	TCRgd	pSTAT1	TIGIT	CD27	VIM	Ecad	PDL12	CD28	KI67	FoxP3	ER	CD45RO	CD19	CD24	CD38	CD8	EGFR	CD3	CD20	pS6	HLADR	CD4	PD1	Hist1763	CD16
pas1	16.33848739	21.33074215	221.9589651	40.14436293	23.4315486	18.33886671	21.58293247	16.01717308	17.37209356	18.80647103	29.4787261	136.5913258	19.08663645	76.91814899	17.60152757	17.63621107	34.77495575	30.55808902	25.0302062	21.25413123	21.36283302	20.31073844	17.18548104	16.41892922	35.43084717	16.9706105	16.96959114	15.03471148	16.30948728	21.54240024	14.03086364	22.5270319	25.95479667	16.01767671	31.67115998	59.79470873	5.001926005
pas2	14.70797475	2284.365819	31.58657915	9.442506549	4.753067061	17.06286859	6.92196963	4.143978141	59.52575191	3.299015944	12.25775091	3108.818912	7.944795779	30.94064115	4.000630473	3.6400521	12.02682867	61.232584	7.41863744	4.54174137	7.672107476	7.60822929	15.51969252	10.07773568	3.577586352	17.91679292	4.137513468	2.647536056	8.536940385	13.31356018	3.408604974	13.08866694	4.180968306	8.226737569	2.777684363	289.8321971	7.747057172
pas3	6.44852994	530.8801253	45.13157905	20.58746374	7.945289016	12.4048801	16.17249593	1.856717841	921.0946578	2.637864901	23.30796958	936.5683209	3.042069473	23.56315762	1.615848573	2.09149276	1.762661935	34.38624561	7.883644163	2.946607751	8.940656881	10.40254169	39.67177471	35.91877756	5.766897782	430.8003104	10.77427797	3.071356083	7.799798335	4.672644235	4.665491593	35.95301786	25.42438299	7.509650917	1.500425757	336.347685	3.081009146
pas4	NaN	NaN	NaN	NaN	NaN	NaN	NaN	NaN	NaN	NaN	NaN	NaN	NaN	NaN	NaN	NaN	NaN	NaN	NaN	NaN	NaN	NaN	NaN	NaN	NaN	NaN	NaN	NaN	NaN	NaN	NaN	NaN	NaN	NaN	NaN	NaN	NaN
pas5	12.27357721	0.125528947	176.2498298	7.584053278	1.623927116	3.399813853	0	1.685892522	0	0.45092082	5.583840787	56.21156693	0	10.72564304	0	5.120399415	919.8195801	19.90877867	1.435874343	7.448420525	2.374821216	4.380286455	3.08775527	8.498718023	3.489388943	13.28477669	6.62686348	2.548027754	7.326351404	6.060371876	3.251026392	75.45270658	24.33842468	16.16879082	0	309.0520487	0.674705386
pas6	15.93049908	20.02014732	15.93552208	78.4922986	33.54203033	2.098153234	3.670695543	0.363134831	0.80989629	0.20961386	44.23088264	68.15979576	0	68.9335413	0.076320983	14.33129025	12.22928238	0	102.3390017	1.535055995	1.071356148	4.55960083	4.523239613	7.100603878	91.13999915	0.538035154	5.82399857	6.903586254	102.6221414	8.036169529	3.169062078	14.85031128	10.57080841	14.46748447	50.74638591	14.10761642	28.18999767
pas7	NaN	NaN	NaN	NaN	NaN	NaN	NaN	NaN	NaN	NaN	NaN	NaN	NaN	NaN	NaN	NaN	NaN	NaN	NaN	NaN	NaN	NaN	NaN	NaN	NaN	NaN	NaN	NaN	NaN	NaN	NaN	NaN	NaN	NaN	NaN	NaN	NaN
pas8	NaN	NaN	NaN	NaN	NaN	NaN	NaN	NaN	NaN	NaN	NaN	NaN	NaN	NaN	NaN	NaN	NaN	NaN	NaN	NaN	NaN	NaN	NaN	NaN	NaN	NaN	NaN	NaN	NaN	NaN	NaN	NaN	NaN	NaN	NaN	NaN	NaN
pas9	4.567380304	408.0697419	74.41628433	3.475439561	3.646975692	8.429050155	4.68738248	2.42739928	49.64953206	1.124856036	7.861433613	348.722452	3.887492134	29.41672867	70.75353893	2.080923655	6.781541785	33.7785705	7.600146032	3.295985188	13.26091157	5.14406732	20.3649426	10.67636823	1.616454924	34.14353379	3.430720937	2.271408864	6.702493392	4.625476066	3.341732873	33.97783222	15.98814469	7.81251156	2.805839633	236.9074883	5.509434481
pas10	NaN	NaN	NaN	NaN	NaN	NaN	NaN	NaN	NaN	NaN	NaN	NaN	NaN	NaN	NaN	NaN	NaN	NaN	NaN	NaN	NaN	NaN	NaN	NaN	NaN	NaN	NaN	NaN	NaN	NaN	NaN	NaN	NaN	NaN	NaN	NaN	NaN
pas11	NaN	NaN	NaN	NaN	NaN	NaN	NaN	NaN	NaN	NaN	NaN	NaN	NaN	NaN	NaN	NaN	NaN	NaN	NaN	NaN	NaN	NaN	NaN	NaN	NaN	NaN	NaN	NaN	NaN	NaN	NaN	NaN	NaN	NaN	NaN	NaN	NaN
pas12	7.827106898	534.0663909	32.94627222	4.269905619	6.877869356	19.36429563	2.885550509	3.19897661	22.96182425	2.60782694	5.217830889	551.3191836	1.79160188	56.06617682	1.119189443	1.698477633	5.805809415	32.1587292	7.530822415	1.833131503	70.87391897	76.22051154	12.01605947	8.285751805	9.693852516	347.0384825	6.724543428	4.213314175	20.17404761	8.629360725	19.6469972	2500.793726	125.9269533	23.14429109	40.52684647	298.7835839	8.709031309
pas13	1.680457018	526.0325343	10.54479993	1.683510839	2.153312031	6.65594235	2.673192341	0.58590202	92.74631044	0.432498126	208.7855411	496.9715357	1.249572849	8.492556511	0.492726915	0.374564287	0.835659418	17.56782853	1.215404213	0.335687325	4.443710444	4.021290047	15.64028606	3.866012854	0.260141287	10.33305313	0.906379117	0.527450715	4.345567641	0.702803062	2.346759592	238.3597339	10.16746204	5.378146737	0.649345522	167.8168101	4.182698888
pas14	2.635537543	264.6761189	137.2287331	3.118731778	2.089258471	14.92586686	3.575543966	0.980626632	15.009751	0.595769671	186.1564855	255.0634126	1.262652447	25.02975424	0.701335003	1.599262913	195.4538109	51.35426664	7.531835932	1.873071334	20.808628	20.67708739	5.423242703	6.649006772	1.517857431	128.5009969	1.988842514	1.127260387	0.434004407	1.677718647	3.760458149	310.010211	33.08517456	10.05488816	2.049982635	394.0233502	7.196990975
pas15	4.339097808	191.5857191	229.4607566	9.463066638	2.921818228	5.9065865	10.93121787	1.275333386	31.00062482	1.553393602	71.92467246	851.9537627	3.753657465	15.67001969	0.940960288	1.861656317	20.55334242	28.89003508	6.27284871	2.350062525	4.638586402	3.489250632	5.240869424	6.16570268	8.96380089	21.52376515	5.887553446	2.475373037	4.128941182	4.575275928	2.060927791	7.337567322	11.06895015	6.591939432	8.778798861	70.38394131	53.37094491
pas16	1.987430811	36.42810822	55.30353928	0	33.51922226	12.56979465	7.110251427	1.547188282	13.07131863	1.935960889	2303.552734	140.9898071	6.366697788	20.95649147	1.528841257	0	60.93019867	4.690154076	509.6559143	0	47.63721085	15.63587761	3.52226305	5.298933983	2.758539677	53.96562958	1.524142742	0	19.18913841	1.790553808	6.136901379	419.8627625	2.377704382	3.029166222	2.04219985	81.27485657	0.053661529
pas17	4.211824348	137.2862589	309.2492218	7.2611748	4.489664139	12.86063734	5.569690694	2.702948298	16.92957791	0.763268137	449.4972251	530.8516867	2.904983186	16.7647673	2.059558938	2.298379785	100.2674936	29.41234338	56.764508	2.302602468	14.12745386	5.026961987	5.486305082	6.617315464	2.043790998	25.52952663	1.15928337	1.579065889	16.76860183	2.304438221	1.615227425	60.0376095	7.798935962	4.361098204	1.513897687	81.87855682	3.745335974
pas18	15.38102172	871.1488818	32.40678818	13.14640561	2.615507573	10.42099084	2.030012206	2.8214846	21.00478594	1.280571507	99.28441759	2209.409704	4.143454303	26.16758761	1.161259886	2.264198326	29.94625535	72.40678992	4.286602407	2.671673586	9.3242147	9.064264601	5.801548731	11.4532273	5.055436607	81.36546678	8.592344673	1.826946518	0.133204444	9.509805864	3.582196543	26.7952213	25.53710483	12.26824952	1.104263613	360.0761657	12.78798577
pas19	42.1666584	0.840140939	11.20378542	63.06397438	7.188511133	12.60139561	1.727469087	0	6.990930557	1.256258011	48.09760094	78.96861839	1.90779686	14.42608595	7.39483428	0	25.34274817	8.401900768	9.115718842	2.067311049	18.34494686	26.54464436	4.34339571	26.93494225	13.96378803	14.69433355	4.960164309	5.418113947	27.69132233	33.78335094	10.22216702	29.46811867	114.7881165	36.8835268	0.449461997	53.53458214	0
pas20	10.32003602	283.6906207	20.71267813	9.097152842	2.80577599	5.941176809	1.869585917	1.160717187	53.23930485	1.144089009	47.19343988	1054.923722	2.179913827	13.9210485	0.86968389	1.851565815	2.033660931	27.94301351	2.806428669	1.752878925	2.630697495	4.064711093	2.841190945	6.082992703	1.643637483	63.57202991	3.849999274	1.025184359	6.741839709	5.899181248	2.574259626	93.92571434	8.070050397	8.436073945	1.124781056	216.6411507	5.095125084
pas21	24.27225622	70.10623932	17.05355261	25.52777076	10.20210775	14.31077814	5.933123748	3.038050095	21.55991769	4.547216803	297.2362747	527.6404775	1.659259439	27.54223251	8.412262003	10.28670629	171.6284392	9.514520645	26.59539978	17.68100969	4.007618348	9.809254011	6.996125539	13.23576347	35.91986448	15.00142431	5.932089249	4.590454976	8.004597982	21.17876994	3.032327652	91.24123891	14.3309412	10.2962083	12.24543335	64.70689901	78.24743446
pas22	5.190882654	82.11917318	218.3910535	12.54513869	7.029198922	19.98044925	9.452775539	3.017523879	172.9168856	1.308110753	661.8529869	350.6221809	3.520397192	32.2554776	2.342063724	1.386465638	41.31998264	14.89359732	73.22506864	3.085724175	21.58138942	16.40604772	5.205542945	13.19536996	2.083145469	45.99722152	2.503739999	1.843807615	23.44395667	2.418187425	3.140285852	180.9168247	14.39790546	5.773784404	3.006289574	121.9126577	2.00512096
pas23	8.946852733	80.50448812	20.7962143	42.63071514	5.544338806	10.05487911	6.317216786	1.257162329	31.60419194	3.250923459	124.583297	1473.256587	3.141236825	29.32806848	0.480311851	2.578139102	146.2593726	6.228009625	3.524948984	1.257854984	4.909239413	59.21677865	6.270495798	4.879630781	6.437240866	135.9714431	5.884928274	3.065954953	0.091844906	3.503105449	2.638920636	178.1390913	15.9220729	6.860701984	5.283495142	280.2176753	5.732709961
pas24	17.42598629	242.9180145	5.051855043	35.50570124	3.089343742	10.75321484	5.173828959	3.009892404	24.04951859	0.786107838	70.41469383	3096.782988	9.83868587	585.6355629	1.586010698	3.058596134	0.601040602	27.40848136	4.94278425	3.029886425	0.812198758	3.315532371	13.50078368	5.594384372	11.1456767	102.7718501	4.568187237	0.040559012	1.526107989	11.01264632	0.786041304	17.75328898	2.871638179	6.468515396	4.344742298	84.25555062	6.538842499
pas25	NaN	NaN	NaN	NaN	NaN	NaN	NaN	NaN	NaN	NaN	NaN	NaN	NaN	NaN	NaN	NaN	NaN	NaN	NaN	NaN	NaN	NaN	NaN	NaN	NaN	NaN	NaN	NaN	NaN	NaN	NaN	NaN	NaN	NaN	NaN	NaN	NaN
pas26	7.074887432	169.9486211	61.97193444	7.836282343	7.824993506	12.7232995	2.374758527	3.181383342	96.22279429	3.141141653	439.7227545	101.1998124	2.792021096	15.9430002	2.521455977	1.165633157	24.70933414	13.46470364	75.82687414	4.985127083	28.79439616	9.361683235	3.888604661	12.77299509	2.313069081	36.80553842	0.541769326	2.321778744	29.80395603	4.290657517	5.109481677	112.6154448	15.93985265	7.682559729	2.353630852	74.78060383	6.13633953
pas27	11.55994484	433.1469223	17.62437244	14.17398835	6.387578412	8.876462613	7.894858932	3.666644942	916.0901794	2.598463686	26.58248981	458.2696189	1.913023662	8.159106061	1.165542907	2.049649068	10.11505816	21.48757545	3.940841603	3.844934389	6.795059304	7.550996222	1.73460103	40.32329294	4.009085248	83.8701887	3.386250735	3.371128784	3.943799963	4.971870326	2.535122947	36.46893204	6.617728275	5.900232942	1.116765677	104.3266105	1.568613575
pas28	13.09342752	4.857498384	23.1118036	105.2430271	16.42370294	19.39720654	8.497182953	3.503259993	6.50637781	2.891634417	535.5565518	564.9144524	5.17073009	2264.348944	11.3007942	15.89499359	13.05088167	7.663678771	11.33614414	1.573028247	11.36143103	112.6188043	7.157891655	13.41290083	29.52327252	23.86932188	1.598752653	2.339245802	20.59289801	7.99102298	48.9427681	3038.122677	401.4267977	38.10346863	44.97318763	9.244634551	98.20142884
pas29	14.49662668	0	0.935717463	2.806347132	3.046247423	4.718694091	85.03370237	0	2.669470012	1.184048176	5.090837479	88.3265686	0.187978595	15.05892062	0	1.486779809	9.137407303	8.432037354	5.372144252	2.743394256	6.45233193	4.313404024	4.136279106	3.835243464	7.752774715	25.84168434	4.223410606	6.604333401	18.45997	2.65647459	1.890913367	5.58882618	5.841380596	0.427620292	1.785109162	206.8270922	4.098203704
pas30	4.378139853	0	2.82098039	9.122944355	1.065758069	5.178604563	44.92993665	0.321247776	2.382718682	0.477702657	39.06166871	188.1829987	1.591112539	7.462835749	2.857824485	37.86710103	4258.532064	21.71677049	4.469373624	6.332080921	0.173269813	1.766325792	1.663580894	0.977956831	5.262760003	5.085850239	2.870670636	0.815685168	2.550554276	2.176785072	7.426441193	15.51202313	220.5920687	10.89647818	0.293259844	74.28272374	0.703173637
pas31	19.94353072	10.9673268	22.71858454	12.35991446	4.171963707	24.60820496	15.42397753	3.762688239	5.906224569	0.388080994	11.18580786	110.9573034	2.580906947	47.10619513	8.107754072	3.744461695	96.47821967	16.29116352	15.17186789	3.562420209	7.256378283	296.0757192	18.82475615	35.59189216	4.761703451	9.221975168	3.343022704	2.846033017	22.55541865	3.891316175	11.86743037	347.7495092	29.71802465	6.210229715	336.4857254	41.90346559	283.2562955
pas32	23.22381369	10.9362429	8.708492915	18.16308657	8.715813696	23.17764823	15.23253949	10.38790274	18.71632608	10.26194763	8.970421831	69.86625417	10.13037427	65.17243894	11.22822094	11.9023482	68.57201187	15.84294033	13.02145425	8.219151805	9.744277815	62.85482152	13.71778091	21.90481154	4.491859118	8.103719711	11.77362113	9.627574126	18.12964249	70.45858161	542.6933594	28640.69327	3864.802083	320.6332075	5.926180522	9.119918505	259.402133
pas33	9.103376389	14.07378483	11.52061367	27.25198936	0.404153079	7.58841753	3.667517662	0.35120362	712.6329346	0	34.14965057	71.58298492	1.533456326	17.17072296	2.856568336	3.576431513	13.97366714	44.91181564	1.33707118	11.37900162	0	13.70348358	12.67099762	33.81571579	6.851083755	3.662895679	0	4.73183012	26.48958778	1.770233393	0	13.52210903	5.366828442	18.97620583	7.469317913	348.2742004	0
pas34	20.64652756	5.247729361	4.574078475	8.792938369	5.252577756	9.470664041	1.696051904	2.191486088	2.613840295	0.251487091	14.40462623	369.4233371	1.886350359	47.45399884	1.185091419	12.81388606	3.523840019	7.371813365	60.04361643	2.189557757	22.09715128	20.8372251	6.537201669	6.074864864	4.297187584	69.88338319	1.610897464	2.392107129	56.83037472	11.4994578	5.792529413	40.084151	7.772538389	9.083122764	3.458716495	131.7731404	28.66477925
pas35	10.19714932	76.89002504	228.3638903	29.72733666	6.603325614	6.753421202	14.72614123	1.351547937	196.4854953	2.242541785	31.10234215	397.8149688	1.194476674	13.3127388	1.418288959	2.911849404	62.85103359	17.95278534	4.402099085	2.080173037	9.615072008	4.833491313	4.864490774	15.65030526	7.481030339	51.08854605	4.573513104	1.801674897	4.709111876	6.94092172	2.004896377	16.9932132	10.17146127	4.761385934	6.6334222	58.37044089	4.526330548
pas36	9.798527963	0.941746612	454.0538039	14.12520842	3.332384686	4.735850026	1.57224431	0.769607895	8.193555152	3.002235615	17.42832655	223.3223074	0.212202728	23.4347687	0.406754903	2.952296442	62.32093782	21.26438618	2.950543634	2.068720458	12.62505798	10.27783274	5.822134084	2.776993782	4.147240086	7.394836141	3.028946804	1.908913371	0	6.62128579	3.139319909	21.46581438	11.8899006	13.67739226	1.022370021	380.8199342	0.555276163
pas37	15.86347294	2637.995132	13.38607299	8.41378352	3.852514058	7.850165009	5.383226156	2.627081156	264.7645401	0.63776505	97.38493121	3162.148188	5.302387953	29.9118104	0.415399092	0.745985478	8.7423627	20.78233793	3.251663774	2.141436636	0	2.94734756	12.47392009	11.97784537	2.025903493	32.68875672	2.193452895	1.272567868	6.257282432	11.50015635	1.902705133	86.20058072	6.040854961	4.779286444	0.272391528	294.2941895	4.6847893
pas38	NaN	NaN	NaN	NaN	NaN	NaN	NaN	NaN	NaN	NaN	NaN	NaN	NaN	NaN	NaN	NaN	NaN	NaN	NaN	NaN	NaN	NaN	NaN	NaN	NaN	NaN	NaN	NaN	NaN	NaN	NaN	NaN	NaN	NaN	NaN	NaN	NaN
pas39	8.719344298	6.102324168	149.9437452	65.85333538	10.58383361	2.938380455	8.634199142	207.6777898	36.32397811	18.19973564	57.24260787	52.46046034	63.87768205	20.11225971	7386.104052	89.97010493	13.58211147	11.75245478	28.81396953	4.215854565	0.573031227	5.131970088	6.282972693	4.013998389	4.222844124	4.161535025	2.779024164	5.102696935	10.65045963	12.1681455	7.152662436	2.752682328	15.93403401	0	1.761716684	42.84775515	10.72719967
pas40	2.600739318	611.2670888	41.96607038	2.328659744	1.73631883	8.207271735	2.7905413	0.862814642	32.71235429	0.536523487	2.833995916	635.8551555	1.671808017	15.05243683	0.850942784	0.852325985	2.733770052	35.37031885	3.976520717	1.009084834	22.65769586	7.353273709	29.62914142	4.201970821	0.883755617	0.604063366	0.918726006	0.767744192	4.913342434	1.805821821	2.948142205	251.3210758	12.08681217	6.852633623	1.039269936	242.1362549	7.741941781
pas41	6.24279002	763.94901	104.0642365	8.314527758	3.553061812	8.7018978	5.531326529	2.252834794	239.3014038	1.122922149	155.1524762	882.8992975	2.878887332	11.89204545	3.745127889	6.122956831	255.9972503	24.23536223	23.16034485	1.890189459	9.800147968	5.058743644	8.470347446	11.86432781	2.396342723	20.66733759	8.339578337	1.585091381	8.645380364	1.918582737	1.552149581	30.32326251	15.6495611	4.4982621	1.456840872	134.4702399	4.413809196
pas42	4.324370189	67.91143864	4.034573487	1.224961118	1.305056027	4.207634113	5.088091942	0.931557953	7.436882518	1.829666853	26.38159744	475.9425881	1.523711687	6.688405167	0.878203013	4.363807781	165.7618275	19.20071906	2.759841735	4.595971684	5.785609375	2.122450839	2.972103953	5.521640623	9.177155776	10.66656727	43.76748809	1.915467795	5.356052176	1.96079595	1.78786064	8.801951782	6.050646003	3.069323196	0.696527886	92.57977624	10.12394972
pas43	17.94055128	156.7944114	25.74916704	31.69229688	7.3434209	10.65385806	32.78758774	1.980835264	190.0884603	2.577690349	196.269049	286.6574883	2.195739031	10.88341981	2.764420807	0.721750169	22.28857382	16.85954127	8.246206857	4.36681786	18.74759761	10.17052603	3.558955743	9.453045778	2.677947003	42.26536546	1.851040469	2.147631673	6.251819551	3.706833739	6.248900129	19.42530983	16.30079227	8.148683667	1.886608021	61.22264829	3.944531844
pas44	10.16002488	4.964240551	17.86475754	6.236061811	0.150905132	0.979472876	0	1.600310683	0.813869059	3.048146486	253.014389	70.6687355	3.30833137	6.012573063	0	0	29.70066833	2.000111103	26.37922573	6.564551413	4.061551809	0	1.944568276	0.467572093	7.703170389	23.18149185	0	0.751265705	6.603719234	0	0	4.905257225	1.32123971	15.65199327	0	21.64642811	1.00825274
pas45	5.018092424	13.72621577	38.72462172	2.367328814	2.040401731	5.590056385	18.13356711	3.827015025	1.846883808	0.013422338	174.760507	148.7823203	1.102616634	5.837021457	0.185930831	2.406470163	153.6289853	6.955527714	34.45274837	1.909393662	5.968855585	7.323249408	3.434711669	8.001227464	2.509886447	17.32784489	0.727345943	0.215415256	2.745407513	2.990029497	0.345788496	17.77443552	60.13242626	3.15856169	2.190460852	23.03888004	7.356996587
pas46	17.43915934	664.2312653	15.64031704	10.99140543	9.217663768	9.724263213	3.069952638	1.811858743	35.97863694	1.306479467	15.15048039	846.2335754	2.859522638	26.73011333	1.282807731	4.555696868	3.810264308	3.964042684	10.43696707	3.442477814	10.94235498	7.317130851	46.14393942	10.34461623	7.014751303	15.6918624	4.025434878	4.364828256	10.52360359	15.71146148	5.697369778	122.7909079	548.8031156	32.63635282	3.413850691	267.4884828	11.46373306
pas47	17.50812828	1816.359931	13.98914533	9.92683475	4.273754182	12.10062917	4.194380907	1.886393449	46.62872519	1.701746858	16.68387929	1491.303351	3.096744249	30.91572374	1.443989457	4.603017178	3.756400073	128.376146	3.592723324	3.067741085	12.21745834	7.487119264	37.62179685	11.31073187	11.37922931	36.08232418	24.32130665	3.952141199	9.715598706	13.98866613	5.950972916	690.5015758	55.30936625	17.20977488	2.930235294	425.363584	8.495826419
pas48	8.151479749	356.6585084	35.66897401	9.226768833	29.60817307	10.52552047	2.878393884	2.565348035	62.93740607	1.409635731	39.96969394	1916.521292	4.366519173	20.02280296	1.3182957	2.073454337	7.23758193	62.73130264	6.505123057	3.415131243	5.592514596	11.23685552	21.17349752	10.11862693	5.788211359	23.64724727	2.884841306	1.290394499	8.421969518	4.718129594	3.554423431	13.83981393	12.73138024	6.082641406	1.746442819	222.6113692	4.822470855
pas49	7.582185906	67.72269812	9.992464661	12.07649828	3.043618514	5.281745258	16.65076284	3.153570614	2.578842477	1.228957437	49.59396322	534.1675783	1.307825618	14.44749045	0.68113671	3.887106955	87.87124403	20.58984489	6.430232619	3.471654565	16.7949385	6.664206369	4.061597931	9.696674527	8.73170795	81.10888405	2.560160712	1.444995356	5.878452293	6.758426071	3.453417647	185.515643	17.40130678	15.12281469	0.864098857	163.1442061	2.096443942
ctr10	4.599880523	92.92890987	203.3179444	12.82025277	7.98335509	20.9154214	9.800904329	9.540702869	118.5451403	1.266591373	801.1935664	206.8091721	3.591322756	20.62573689	23.18800418	2.247538924	62.7799589	15.22672121	79.6013395	3.806584658	35.64711547	21.80028034	6.114388793	12.10271343	1.046673888	37.46406024	2.053208513	2.680938706	26.13485418	2.263331027	3.366566129	354.4970593	20.08282776	7.27835424	2.016331242	130.2267837	2.526014044
ctr2	9.335339759	2.969365561	33.81827785	6.053893203	5.663747687	16.75931326	7.111695016	1.477128366	262.6346579	2.050153395	589.4814718	405.9797812	2.520796895	27.80918035	2.174708245	5.058151978	77.90027214	13.03383321	130.6592632	2.531863716	42.45182659	18.75798258	6.505944373	10.75171349	3.025243894	30.71251135	1.761242066	3.240593898	35.68818248	5.166060459	3.468555651	190.9004115	13.94072909	7.168931899	3.452688704	234.4167015	6.38409839
ctr3	8.995238511	105.8467891	20.69661969	9.819701917	11.31382058	9.018641051	8.087786422	1.779163124	110.8980722	1.944112698	825.4633061	235.3165679	2.746320173	15.68422589	2.08971824	3.630659518	41.74410209	6.115897603	156.1748125	2.634309791	20.54897051	10.41803453	3.660415519	9.918991005	3.461638623	41.72393461	2.424430657	3.780860858	18.02565748	5.761583433	2.560347788	88.93794851	13.30815705	5.763403235	3.548522595	112.3938897	9.333604578
ctr4	5.237934628	95.4463158	55.35957366	12.0448723	8.891537834	18.27636914	7.541289102	1.600751461	748.7915534	2.114325619	139.7173314	423.9705955	1.715091994	35.62442146	1.004150389	4.707190973	66.60795376	27.47777676	80.90308986	2.715838934	53.11341092	20.52087203	11.15232664	23.25368019	3.264657471	19.56416193	2.365486786	2.697023898	41.47338215	5.193421163	4.834137722	458.6980389	20.78016903	10.86505997	1.772082653	289.5608293	6.208664436
ctr5	3.802649037	171.9527253	56.37412395	8.197574941	5.083886734	13.64140097	6.835675159	1.393415965	302.2515342	1.583285962	556.1477797	435.5113744	2.19225908	23.47617747	0.955881316	1.948527162	61.46369325	23.15914987	126.5148288	2.728981432	53.97246466	38.02656343	10.22089805	13.40494938	1.669760949	43.81690176	1.920313345	4.112215882	0.242074298	2.416608918	3.630460715	377.0662161	21.19633733	8.29178886	2.20721111	262.2206217	4.137301717
ctr6	2.986896193	106.0094836	22.91222739	8.964152862	21.77298388	18.3637919	6.685310818	0.921051798	206.9952723	1.061950567	517.1635335	294.1813063	1.972875755	23.32231135	1.052163925	2.001181289	57.55901427	17.59280914	116.535576	2.806455101	32.39810989	19.75871875	8.20626077	10.74702152	1.78436658	31.19655789	1.853777456	2.067267502	35.30316124	2.593894058	3.485444877	240.9825903	22.04689961	8.260562308	9.248818238	229.4469373	4.186159519
ctr7	15.10115379	1207.300447	57.07286255	15.05253569	70.46815563	31.89809225	19.47781469	9.616386962	284.8408215	3.252841737	1604.905497	454.3667225	5.624855124	31.08049583	4.265878033	6.794767456	121.4753945	27.45765966	201.3136796	6.105016615	100.1454731	30.58875601	35.97265684	23.30305246	2.859424277	62.62173267	3.076142256	9.541947556	61.02280165	10.19784771	6.403008668	1053.448347	56.49846319	16.93648459	5.691846164	306.2332937	8.804131623
ctr8	4.599880523	92.92890987	203.3179444	12.82025277	7.98335509	20.9154214	9.800904329	9.540702869	118.5451403	1.266591373	801.1935664	206.8091721	3.591322756	20.62573689	23.18800418	2.247538924	62.7799589	15.22672121	79.6013395	3.806584658	35.64711547	21.80028034	6.114388793	12.10271343	1.046673888	37.46406024	2.053208513	2.680938706	26.13485418	2.263331027	3.366566129	354.4970593	20.08282776	7.27835424	2.016331242	130.2267837	2.526014044
ctr9	4.599880523	92.92890987	203.3179444	12.82025277	7.98335509	20.9154214	9.800904329	9.540702869	118.5451403	1.266591373	801.1935664	206.8091721	3.591322756	20.62573689	23.18800418	2.247538924	62.7799589	15.22672121	79.6013395	3.806584658	35.64711547	21.80028034	6.114388793	12.10271343	1.046673888	37.46406024	2.053208513	2.680938706	26.13485418	2.263331027	3.366566129	354.4970593	20.08282776	7.27835424	2.016331242	130.2267837	2.526014044
pas50	NaN	NaN	NaN	NaN	NaN	NaN	NaN	NaN	NaN	NaN	NaN	NaN	NaN	NaN	NaN	NaN	NaN	NaN	NaN	NaN	NaN	NaN	NaN	NaN	NaN	NaN	NaN	NaN	NaN	NaN	NaN	NaN	NaN	NaN	NaN	NaN	NaN
pas51	NaN	NaN	NaN	NaN	NaN	NaN	NaN	NaN	NaN	NaN	NaN	NaN	NaN	NaN	NaN	NaN	NaN	NaN	NaN	NaN	NaN	NaN	NaN	NaN	NaN	NaN	NaN	NaN	NaN	NaN	NaN	NaN	NaN	NaN	NaN	NaN	NaN
pas52	NaN	NaN	NaN	NaN	NaN	NaN	NaN	NaN	NaN	NaN	NaN	NaN	NaN	NaN	NaN	NaN	NaN	NaN	NaN	NaN	NaN	NaN	NaN	NaN	NaN	NaN	NaN	NaN	NaN	NaN	NaN	NaN	NaN	NaN	NaN	NaN	NaN
