ID	CD45	EpCAM	casp3	CD45RA	CD69	PgR	CD56	TCRab	HER2	CD25	CD44	PanKer	TCRgd	pSTAT1	TIGIT	CD27	VIM	Ecad	PDL12	CD28	KI67	FoxP3	ER	CD45RO	CD19	CD24	CD38	CD8	EGFR	CD3	CD20	pS6	HLADR	CD4	PD1	Hist1763	CD16
pas1	8.121373653	37.26336098	8.77234745	3.346920133	1.625620127	2.559532642	1.104174167	0	1.812089384	0	2.022148073	94.21635437	0	7.888592958	0	0	12.23223543	5.816920757	5.861407995	0	2.701479197	1.440641165	2.606125474	4.57062459	2.377811909	1.173981488	1.44532609	0.544369757	0	1.429831088	5.394622803	4.031509876	19.61185074	3.426743984	0	68.70579147	0.120608762
pas2	4.914223671	172.8605957	7.628568172	4.619792461	0.488699913	8.821540833	2.944985867	0	4.857098579	0	4.158801556	311.3748169	1.070092916	13.03717899	0	0	2.527039766	13.9794817	6.893064976	1.189165235	0.289223194	1.147856593	12.84671688	9.233750343	1.779418349	5.706442356	0.4003281	0	5.729235649	2.212049484	1.118599057	8.021157265	3.260320425	3.743817091	0.156248346	94.97743988	2.848247528
pas3	5.778105259	86.50518799	7.018540382	15.14075279	2.84211731	4.460849762	2.328225374	0	24.0014801	0.275463492	12.42178631	265.3110046	0.414041966	8.602668762	0	0.033593297	2.724666595	7.70222187	7.837751865	1.997575283	1.375823021	2.398116589	24.78686714	22.67272377	7.222477913	103.7088013	8.522012711	2.394934177	6.006595612	0.822604597	4.867063999	4.696362972	16.85688019	7.766687393	0.876642644	122.4077759	0.162405595
pas4	0	211.1845398	0	3.398444176	0	1.747922897	0	0	5.335724831	2.061846018	40.6770401	1225.001099	0.038257472	9.008759499	0	0	1.73025167	9.613729477	4.984983444	0	0	0.062618136	20.45008659	0	0	0	0	0	1.276920557	0	4.248746872	13.77448273	4.329223633	2.251562119	0	59.8470459	0
pas5	10.34178066	0	24.01683617	6.693015575	0	0.230922326	0	5.463467121	1.305204391	1.51094079	14.96685886	96.63399506	0	14.64484692	0	14.1500082	504.682373	7.850725651	12.56374645	6.105192661	0.933558226	4.219948292	0	17.94362068	12.69420338	20.66428375	1.892422676	0	3.274647713	14.18867588	1.278342485	23.20825005	19.25699043	4.94381237	0	25.1314621	0
pas6	0.731138527	25.30244446	14.92882156	0	8.00975132	17.49055862	8.525959969	0.34499833	6.838643074	0	11.48536777	100.7814636	7.847945213	31.45124054	1.552219987	0	3.927557707	0.10821636	0	3.287434578	1.466547132	6.67795229	20.32159805	3.471969843	0	8.000115395	0	0	9.201584816	0	3.116420507	36.18293762	5.887548923	2.760228634	0	4.333895206	1.318277359
pas7	2.494034529	211.9020233	3.903052092	4.203460693	2.903905869	3.921894312	2.035372972	0.324822813	24.68934822	0.609222814	37.99364662	309.7125893	0.457701892	0.714054048	0	2.407317877	446.2422419	11.87897635	8.062514544	1.881271482	0.142045617	1.302769065	8.604094863	0.443918899	2.387923479	4.301813245	0	0.024047332	0.310255498	0.411169231	0	18.71901417	19.74595261	3.999622703	0.529331744	45.52063477	1.969360948
pas8	NaN	NaN	NaN	NaN	NaN	NaN	NaN	NaN	NaN	NaN	NaN	NaN	NaN	NaN	NaN	NaN	NaN	NaN	NaN	NaN	NaN	NaN	NaN	NaN	NaN	NaN	NaN	NaN	NaN	NaN	NaN	NaN	NaN	NaN	NaN	NaN	NaN
pas9	1.383055806	164.1916809	6.345317841	0.480929941	0	4.945154667	1.318482757	0	5.543699265	0	3.749947071	165.1303558	0	9.238461494	0	0	2.267674446	24.91169357	11.43182755	0.089141868	5.180974483	1.886802912	23.06170082	8.955644608	0	11.7465229	0	0	3.989207029	0	1.426739097	14.151021	9.883155823	6.276537895	0.137450367	244.1284637	3.083172321
pas10	NaN	NaN	NaN	NaN	NaN	NaN	NaN	NaN	NaN	NaN	NaN	NaN	NaN	NaN	NaN	NaN	NaN	NaN	NaN	NaN	NaN	NaN	NaN	NaN	NaN	NaN	NaN	NaN	NaN	NaN	NaN	NaN	NaN	NaN	NaN	NaN	NaN
pas11	NaN	NaN	NaN	NaN	NaN	NaN	NaN	NaN	NaN	NaN	NaN	NaN	NaN	NaN	NaN	NaN	NaN	NaN	NaN	NaN	NaN	NaN	NaN	NaN	NaN	NaN	NaN	NaN	NaN	NaN	NaN	NaN	NaN	NaN	NaN	NaN	NaN
pas12	5.370690346	44.19073486	13.40555811	1.956910312	1.526527107	8.219336987	0	0.954168558	5.581640959	0	2.181289434	117.2536659	0	16.69374466	0	0	4.090176344	11.46119213	4.947673082	0	62.94253922	61.53915215	11.47586441	7.636236429	3.990494967	34.90528297	1.981929183	1.575853407	20.01971817	4.158784866	6.680587769	311.2272034	26.31573963	11.10630274	29.61991501	231.4652176	4.476004839
pas13	0.984729499	212.8489456	2.466612935	0.473111004	0.162896499	2.812484503	0.774134517	0	8.358189106	0	13.44219494	373.0589752	0.752895504	6.09145999	0	0	0.435801506	6.205323935	1.433143497	0	1.013361514	0.485116497	11.26139832	1.701106489	0	0.970547497	0	0	1.500930488	0	0.086800002	4.864092112	2.009450555	1.869443953	0	81.87960434	0.478801996
pas14	2.2615906	121.2653656	5.685558796	1.741282642	0.269482151	9.66570425	1.523112178	0	2.906212807	0	13.42470741	150.968689	0.468003735	11.68213606	0	0.448754579	85.44565201	18.64319134	10.75446749	0.876954824	4.166866064	10.21709061	2.537469268	4.668107748	0.101590235	119.6838303	1.955915511	0.086870033	0	0.257987909	1.736560702	15.25236607	14.33141994	5.976959705	1.352224231	285.2236328	2.85945487
pas15	15.88155794	8.701022863	2.762510061	3.032838464	0.103511475	1.869756699	0	0	1.12565726	1.195808291	33.16893387	112.6851578	0	6.047759533	0.155388147	1.959549069	76.95109367	5.921991348	9.069544077	0	0	0	0.180224806	6.53601408	15.06421995	15.90351963	2.590702057	0.051740512	1.128623426	0.651093602	0	6.118941307	3.727663636	0.111027636	0	34.11583805	0.240396112
pas16	NaN	NaN	NaN	NaN	NaN	NaN	NaN	NaN	NaN	NaN	NaN	NaN	NaN	NaN	NaN	NaN	NaN	NaN	NaN	NaN	NaN	NaN	NaN	NaN	NaN	NaN	NaN	NaN	NaN	NaN	NaN	NaN	NaN	NaN	NaN	NaN	NaN
pas17	12.07310581	77.16152954	7.245405674	8.486158371	0	5.149554729	5.336518764	3.892886162	1.724490523	2.019596577	18.5193367	150.1829071	1.616102576	14.32234859	0.361625969	0	2.978792429	25.36251259	9.29391098	4.085019588	0.866236031	0	1.415627956	9.34106636	3.748734713	13.32921219	5.80668354	0	4.721316814	3.021154165	1.745810747	5.202188969	5.810732365	5.854438305	0	188.8865356	0
pas18	8.025875092	241.1390533	3.050800085	11.10414124	0.461654782	5.441857815	0.762197316	0.480494082	2.756999016	0	14.53970146	227.7936249	0.744449437	9.726280212	0	0	5.940326691	19.75029373	10.69436264	1.27644217	4.722887993	2.739619732	4.04472971	14.45614052	3.221353292	38.11125946	1.934982657	0.422963947	0	3.869036674	2.036451817	6.143259525	10.87254047	6.622196198	0.898451865	187.363266	0
pas19	NaN	NaN	NaN	NaN	NaN	NaN	NaN	NaN	NaN	NaN	NaN	NaN	NaN	NaN	NaN	NaN	NaN	NaN	NaN	NaN	NaN	NaN	NaN	NaN	NaN	NaN	NaN	NaN	NaN	NaN	NaN	NaN	NaN	NaN	NaN	NaN	NaN
pas20	5.735856056	60.66779518	2.30333519	6.893993616	0	1.431964457	0.997332036	0	2.144800901	0	6.850206137	761.4207153	0.94092533	11.90242672	0	0	2.038249493	8.914545059	3.948795676	0	0.186050184	0.521596521	0	3.959413767	0.539137691	8.801994324	1.74142468	0	1.718580425	0.043187544	0.167558506	1.750119925	1.93347311	1.312718511	0	37.51695442	0
pas21	15.393713	91.80764771	2.059418678	9.238292694	3.77781868	3.476887703	4.491977215	0	18.63469887	0.455305874	26.40553474	3587.351563	8.45970726	25.6818943	0.852732599	4.376906395	1.703672767	6.76568079	8.660327911	2.002063036	0	1.502414823	5.287686348	16.92206764	0.462668836	14.54789352	1.907808304	1.054419994	0	0.678264022	1.764999509	0	6.209816456	7.559729576	1.278247476	62.36474228	0
pas22	7.258915901	111.8459702	7.710273027	8.216262341	1.573806703	3.396965384	4.373515368	1.354925096	104.4919128	0.554660767	10.5673089	1715.061035	4.028936982	15.41365194	0.749854475	1.979398727	3.045506597	8.290801525	6.624546289	2.418777823	0	0.799579412	1.670677543	10.16214991	2.719262123	13.0256629	2.909510493	0	0	1.365336239	0.760277987	0.401078612	3.847144127	2.676664233	0.518936127	88.49534988	0
pas23	7.096897125	16.6695385	3.067299366	11.42651463	0	4.215872765	5.951996803	0	2.030135632	0	13.04849911	391.5715027	1.707154155	14.52698231	0	3.708686113	12.79975319	8.41057682	9.778999329	1.458648443	0	7.800615311	3.422152281	7.176682472	2.370024681	29.61813164	3.43016243	2.633722305	0	1.364839911	0	4.403308392	5.273851395	4.731173515	0	68.12524414	0
pas24	9.490211487	189.5927429	3.866855621	16.46449852	3.032818556	4.051555157	0	0	3.475107908	0	11.40943241	1241.387939	3.85990262	15.57324791	0.725638568	2.247960567	7.470505714	12.1971693	4.962351322	1.649728656	0.623396456	1.030048132	8.024427414	7.435609341	6.040119648	23.164114	3.286944389	1.964717031	3.283085108	1.303136468	1.942590475	9.312679291	3.174313545	2.94740057	0.247608066	48.40781784	0.95857054
pas25	NaN	NaN	NaN	NaN	NaN	NaN	NaN	NaN	NaN	NaN	NaN	NaN	NaN	NaN	NaN	NaN	NaN	NaN	NaN	NaN	NaN	NaN	NaN	NaN	NaN	NaN	NaN	NaN	NaN	NaN	NaN	NaN	NaN	NaN	NaN	NaN	NaN
pas26	1.999130964	206.5335693	2.544935465	12.82470798	0	2.600988388	5.762000561	3.593886375	75.91377258	0	3.60468626	1339.539063	0.202582791	10.43699551	4.100008965	3.963266134	3.083065748	10.88812542	9.173260689	0	0.448433757	2.007712364	0	24.15773392	10.33953762	18.06303978	0.872955203	0	0	1.204654813	0	0	2.485492945	8.486392975	0	80.12647247	3.571426868
pas27	9.444211006	128.9234619	5.260870934	13.56404686	3.391684055	4.2290411	4.307153225	2.270210028	227.9737396	1.931789041	9.07190609	279.5679626	1.518777966	5.96045208	0.449432999	1.184213042	5.648206234	10.22576618	6.578851223	2.668205023	3.175002098	3.894891024	1.281012058	21.96073723	4.947565079	34.60489273	2.225641966	2.30915904	2.031914949	1.812397003	2.520651102	5.831120968	6.306777	4.903748989	0.589277983	58.99437714	0.670769989
pas28	NaN	NaN	NaN	NaN	NaN	NaN	NaN	NaN	NaN	NaN	NaN	NaN	NaN	NaN	NaN	NaN	NaN	NaN	NaN	NaN	NaN	NaN	NaN	NaN	NaN	NaN	NaN	NaN	NaN	NaN	NaN	NaN	NaN	NaN	NaN	NaN	NaN
pas29	7.181417942	1.434776366	3.570141047	11.42708158	3.17118907	3.852338433	2.30397445	1.91493243	0.495887831	0.304287225	8.366548777	190.2005157	0	2.626448363	0.19905214	0.780892968	291.5129013	13.20127344	6.919866562	3.220193982	2.33565402	0	2.74264586	2.3572824	9.04113102	3.237169147	5.590532064	0.192624956	4.379362345	0	0.77434475	1.712748647	5.251241922	1.266328484	0	40.03946304	2.28153348
pas30	NaN	NaN	NaN	NaN	NaN	NaN	NaN	NaN	NaN	NaN	NaN	NaN	NaN	NaN	NaN	NaN	NaN	NaN	NaN	NaN	NaN	NaN	NaN	NaN	NaN	NaN	NaN	NaN	NaN	NaN	NaN	NaN	NaN	NaN	NaN	NaN	NaN
pas31	4.270519257	0	1.41257	4.060106277	0.504038572	0	2.491969109	2.766008854	0	0	15.71011543	200.7843781	0	14.07243633	1.244918227	6.982666492	523.1954956	2.433247566	2.931321859	0	0	17.02825928	7.226169586	0	9.647496223	0.224372894	1.445051074	0	0	2.052024126	2.570960283	52.63237762	29.92557526	4.728932858	34.98712921	201.0799408	0.615055859
pas32	12.59888697	0.098230243	0.05394027	6.5222013	0.735710502	2.553155899	4.056062877	0.355645448	0	0	29.00243855	118.4806137	0.771600679	0.821883321	0	14.78935003	1268.864136	11.18103409	12.39934444	3.995281339	0	27.73753738	2.723805368	2.789553761	5.061240435	6.006974936	2.419438124	0.713139555	0	0.652005807	7.701737642	24.37844753	8.361647129	8.769788504	75.29536438	216.5150833	4.062225342
pas33	11.57508564	13.8855505	3.529799491	5.099533796	0.479325742	0.131263912	9.300531864	0.969194651	1.181673318	0.118212998	47.77876282	115.1930046	1.214175344	9.287216425	1.018989278	8.361757278	582.5745926	17.49037027	25.09389877	5.329303741	0	3.854351044	6.979362011	20.13126755	12.69224691	19.58862019	3.081389546	4.602160335	0.90623033	0.13462843	3.858151197	8.379211426	19.73795748	8.024563074	0	37.19603157	3.799250126
pas34	NaN	NaN	NaN	NaN	NaN	NaN	NaN	NaN	NaN	NaN	NaN	NaN	NaN	NaN	NaN	NaN	NaN	NaN	NaN	NaN	NaN	NaN	NaN	NaN	NaN	NaN	NaN	NaN	NaN	NaN	NaN	NaN	NaN	NaN	NaN	NaN	NaN
pas35	5.891060829	30.0041275	3.762081146	4.298074245	0	3.45797205	0.764896452	0	9.548808098	0	6.776429176	118.3806992	0	5.445893764	0	0	10.0702877	2.027969599	4.664585114	0	0.899451554	1.729904771	0	6.749114513	5.986470222	29.96699333	1.746225715	0	0	1.147657752	2.69829464	6.201436043	40.7719574	11.80366802	0	142.6481934	0.389385849
pas36	8.413369656	0	0.841401771	5.794166565	0	0.499690086	0.435070515	0	0.439098803	0	20.06715107	140.152153	0	1.379422784	0	7.623320341	789.4200439	8.312823534	9.898190498	4.208716631	0	4.714677095	2.969744921	2.151730061	4.017926455	10.11413479	4.31914854	0.810990483	0	3.988511205	0	13.00186729	7.362937212	5.961886883	0	26.80451107	0
pas37	6.552575111	89.16827774	2.97525394	5.882212877	1.629348755	5.113384485	0.711535007	0	5.512010098	1.024875224	20.41240501	5732.226074	11.53800297	30.77532768	1.062473714	1.960995078	4.405231476	2.24491781	4.000454903	0.306060105	0.977456391	0	2.809010744	3.230633259	0.90328148	10.21697712	1.728149176	0	1.025869668	0.328635365	0	0	3.060211897	2.310551286	0	25.10886002	0.58473587
pas38	13.86181831	0.373426586	1.837049246	2.928099632	1.358033895	2.641107559	0	0.069981389	0	2.983506203	55.24132538	114.1602859	0	0.283013135	0	2.387274027	383.2826843	9.916367531	11.33995152	1.327944398	1.603648901	0.123906545	5.541994095	11.39580345	2.961114645	23.45832443	7.52977705	0	2.677800655	2.454465389	0	7.920338154	21.57702637	10.25537682	2.080574036	20.28420067	0
pas39	7.95635128	0	3.987864733	6.01311779	3.605051994	0	5.580630302	0	0.049719416	2.303360224	40.44350433	82.35305786	0	5.18054533	0	4.558021545	181.0367432	3.619019508	8.018815994	4.363651752	1.200262666	7.985423088	3.886019468	14.89978409	2.678357363	11.32452583	2.774499655	1.725679517	0	5.8349123	3.844373226	5.805887222	13.22307205	9.080720901	0	50.1321106	0
pas40	1.223686218	335.7545776	6.093631744	1.697824359	0.359577388	5.483864307	1.951824665	0	2.272721052	0	1.873680353	1131.677002	2.635213614	17.81236649	0.291246086	0	1.392175794	20.08018684	5.841360569	0	3.308256865	2.75853467	14.51418972	3.773914099	0	0	0.503067553	0	3.163062811	0.331243008	0.444134593	7.368487358	2.709843397	2.42296052	0	105.7866821	1.086387992
pas41	3.16765523	59.0364666	3.426110506	3.551390171	0.123589713	3.821258783	1.745404899	0	2.871216416	0	12.54074335	202.7102509	0.39562428	5.205566168	0.078920417	0	6.476349354	7.428227901	7.328570127	0.308856167	2.203514934	0.379215449	6.99938798	5.192321539	2.801462173	2.770810604	0.972451329	0	1.352352321	0.218957625	0.910771728	3.955390334	11.2999568	4.808679104	0	157.7745209	1.085714817
pas42	5.476962566	0	2.856644154	5.072537661	0	0.05234278	6.611107111	0	0	0	33.59643078	111.5950661	0	2.079676926	0	2.036009908	411.8390808	4.381712437	5.682570696	0.160492755	0	0	0	1.744645357	8.580655098	20.08766079	2.044650376	0	0	0	1.097057164	5.26669383	3.006870389	4.162945032	0	52.84632111	0
pas43	3.172238827	0	5.663780451	3.649558187	0	1.879257739	1.837755084	0	5.919473171	0	11.72609663	118.6485939	0	2.48865056	0.562218964	1.970999599	127.4745245	8.244710922	5.728917599	3.661780238	9.648870945	4.704150677	1.292232871	5.686126947	3.755236387	7.943641424	3.014919996	0	2.4139328	0	0.65771687	7.715891123	6.875799894	2.618508816	0	39.33117104	0.958717704
pas44	0.477247149	0	4.625505924	3.438017845	0.208938554	2.952828825	0	0.219267741	0	2.796103954	67.61735916	112.1523323	0	8.750385046	4.451446295	8.406641006	792.1258545	5.332734704	11.4122715	0.45827195	0.82609627	0.577985704	3.156952143	0	8.938673258	8.645266652	0	0	6.419584751	1.425169677	4.945841789	17.88926697	0.760857165	4.489576519	2.604623318	37.53820133	0
pas45	4.3654809	0	5.02741766	1.837869763	0.126402304	2.055973053	0	0	2.424732447	0	7.425839901	123.0119476	0	2.082603455	0	0.506930292	295.0405884	2.99642086	6.450343132	0	0	0	0	0.65838176	1.249019146	16.83443451	0	0	1.13027072	2.61788249	0	4.252544403	10.35349751	1.44035244	0	22.99873543	0
pas46	8.545316696	184.0077057	3.964240551	7.533961296	1.724008679	4.004734039	1.182590127	0	5.468384743	0	8.286765099	928.3618164	2.284850121	14.8896904	0	1.469252944	1.893218994	1.346235752	7.808819771	0.832088292	2.384823084	2.113655806	29.18682671	13.63661098	5.981693745	7.613104343	0.992290199	0.817731857	4.564226627	4.310121536	2.536714077	17.10558319	261.7537231	15.73352242	1.010578275	115.4161911	0
pas47	13.32392406	415.5357513	6.996657133	9.528926849	1.95359087	7.117138386	1.953962147	0.465247482	6.627829313	0.695433766	6.901191711	326.0807495	1.366215825	14.01779318	0	0.783782542	4.785031319	54.73505211	7.016280413	2.460910082	1.103799224	2.52358973	21.40862942	19.32999229	9.927014828	11.31811905	1.477114975	0.133389279	6.672672272	4.893327713	1.64888674	16.79417515	23.62285042	8.497921467	0.502525955	113.7183266	0.627113998
pas48	9.172376633	87.39735413	10.60737133	18.69631958	1.926072001	10.98718739	2.266468287	2.088556528	3.819126368	1.235512614	23.48360252	188.4378204	1.059137106	14.03116035	0.879057348	1.362405658	7.209873676	20.65979385	12.93248081	5.486141205	3.169313192	8.424796104	7.964241982	12.79339314	10.02057076	23.67550468	2.257333994	1.685216188	11.52275085	2.962827444	5.4512043	13.98384857	14.99534702	8.706313133	1.845700026	240.3175964	3.692913532
pas49	3.998438358	49.59919739	0	8.353644371	0.273468673	0.438033193	2.947508574	0.032576118	0	0	14.18297005	206.6562347	0	6.230945587	0	0	17.94480515	3.683453083	13.64046478	0.035713986	1.848442912	1.459442377	0.403730243	15.58389187	8.829854965	172.8006134	4.209961891	0.048793685	0.898029685	1.97642982	2.572184801	5.17098999	7.180885315	6.090389252	0	91.05761719	0
ctr10	2.426858068	18.64012337	21.27246284	9.772849083	2.239638209	9.740520954	3.839835882	1.330132425	15.5313406	0.041816991	178.7620926	235.0116806	1.857049406	10.54481554	0.922218114	2.542627454	134.3807297	10.5229969	16.81887245	2.479412198	19.03418064	11.23605156	2.165736437	10.43915367	0	15.34848642	0.70875001	1.25058949	8.78067112	0.2501119	1.125232041	41.46470261	5.591681957	3.68475616	0.441697478	83.24542999	0.000304037
ctr2	11.38300705	1.163274944	12.88901091	7.039481401	2.037497759	7.899414301	2.631137967	0	10.65623617	0.579784513	71.98290253	207.6801758	1.084772587	19.14808941	1.770047724	5.503302336	78.70235062	6.683701038	37.23718452	1.003105789	12.14715624	12.90440369	3.857485533	7.921257257	2.25489223	9.453357697	0.693837315	2.369868636	18.93482685	3.717269182	2.714661837	26.00075245	4.084889412	4.720413446	1.85877645	108.3796692	1.375060439
ctr3	5.878874242	13.14357328	12.09115887	4.421612978	2.651856899	4.015457749	2.300999641	1.525956869	8.057091713	0	48.23517418	145.782299	1.843606412	7.721658707	0.819881931	1.256429583	31.11635065	4.876776934	16.82527637	0	4.315619707	9.55593729	2.786262155	6.531134844	1.224312276	15.03258991	0.057523526	2.793461323	6.048415899	2.874679446	2.896247745	6.589641809	3.136651516	0.654334709	0.317861795	59.85733604	0
ctr4	3.981519699	30.64011765	28.77472687	9.975188255	5.530717373	13.39469051	3.048503637	0.380439758	86.56298065	0.269136906	79.86519623	287.906189	1.240563869	26.05795288	0	4.558712006	78.46552277	20.99968147	22.47158813	2.187536716	39.93994141	20.45896149	9.979063034	14.32444763	2.849668741	13.24983311	1.788229823	0.21048598	28.5613308	3.01631999	3.290987015	184.8297272	14.30314827	8.448974609	0	166.259491	2.357875109
ctr5	2.724219918	28.99353504	21.33560085	8.402489662	2.560802817	7.813508749	3.869638443	0.359322622	23.14458084	0.529095531	157.4388428	306.1014252	1.827817798	18.50060463	0.069433315	2.190375209	84.07032776	13.90347481	27.78772831	1.806631982	38.86164856	17.69817162	6.228058577	11.83520651	0.863637	22.53226185	1.148117542	3.358462214	0	0.930222809	1.821361721	88.76027679	7.448530197	5.392271042	0.835687339	87.47720337	0.426215664
ctr6	1.138317019	16.50734282	23.95636368	6.733562946	0.324352115	12.06071949	7.400278091	0	20.99583244	0	120.8282661	189.4454498	0	15.08535862	0.236345768	0	36.25647354	7.748015642	13.15396976	1.276159763	3.437538862	6.107870817	3.706325889	6.058960915	0	18.69273186	0.140044808	3.036018729	20.97882271	0	0.506826699	25.54906559	8.979129314	6.339112759	0.914750069	175.1029358	3.028713942
ctr7	15.20226479	359.9927979	35.44831848	10.16560078	12.0731926	19.85678482	13.19793224	1.668903351	46.61771011	2.070838928	475.121582	293.3400574	3.958790064	18.6648941	2.355850697	8.496805191	152.8386688	22.99916077	84.33834839	3.047987938	48.73485184	25.60374641	22.43782997	25.26011086	0	31.91302681	0.416056007	8.867702484	41.5041275	7.14836359	0.763962328	184.0093231	27.20780754	9.554183006	3.854595184	104.3507919	1.905812144
ctr8	2.426858068	18.64012337	21.27246284	9.772849083	2.239638209	9.740520954	3.839835882	1.330132425	15.5313406	0.041816991	178.7620926	235.0116806	1.857049406	10.54481554	0.922218114	2.542627454	134.3807297	10.5229969	16.81887245	2.479412198	19.03418064	11.23605156	2.165736437	10.43915367	0	15.34848642	0.70875001	1.25058949	8.78067112	0.2501119	1.125232041	41.46470261	5.591681957	3.68475616	0.441697478	83.24542999	0.000304037
ctr9	2.426858068	18.64012337	21.27246284	9.772849083	2.239638209	9.740520954	3.839835882	1.330132425	15.5313406	0.041816991	178.7620926	235.0116806	1.857049406	10.54481554	0.922218114	2.542627454	134.3807297	10.5229969	16.81887245	2.479412198	19.03418064	11.23605156	2.165736437	10.43915367	0	15.34848642	0.70875001	1.25058949	8.78067112	0.2501119	1.125232041	41.46470261	5.591681957	3.68475616	0.441697478	83.24542999	0.000304037
pas50	NaN	NaN	NaN	NaN	NaN	NaN	NaN	NaN	NaN	NaN	NaN	NaN	NaN	NaN	NaN	NaN	NaN	NaN	NaN	NaN	NaN	NaN	NaN	NaN	NaN	NaN	NaN	NaN	NaN	NaN	NaN	NaN	NaN	NaN	NaN	NaN	NaN
pas51	NaN	NaN	NaN	NaN	NaN	NaN	NaN	NaN	NaN	NaN	NaN	NaN	NaN	NaN	NaN	NaN	NaN	NaN	NaN	NaN	NaN	NaN	NaN	NaN	NaN	NaN	NaN	NaN	NaN	NaN	NaN	NaN	NaN	NaN	NaN	NaN	NaN
pas52	NaN	NaN	NaN	NaN	NaN	NaN	NaN	NaN	NaN	NaN	NaN	NaN	NaN	NaN	NaN	NaN	NaN	NaN	NaN	NaN	NaN	NaN	NaN	NaN	NaN	NaN	NaN	NaN	NaN	NaN	NaN	NaN	NaN	NaN	NaN	NaN	NaN
