ID	CD45	EpCAM	casp3	CD45RA	CD69	PgR	CD56	TCRab	HER2	CD25	CD44	PanKer	TCRgd	pSTAT1	TIGIT	CD27	VIM	Ecad	PDL12	CD28	KI67	FoxP3	ER	CD45RO	CD19	CD24	CD38	CD8	EGFR	CD3	CD20	pS6	HLADR	CD4	PD1	Hist1763	CD16
pas1	14.8826251	7.743752062	223.5446806	39.63323021	15.88244724	7.087649345	12.11002541	0.635002673	0.574875593	0.449528068	26.46280956	122.3135872	0.971719563	59.76996994	1.652514219	0.840850174	27.27713394	16.61634207	18.01984692	8.20693171	12.02781677	9.161336184	3.407197893	2.786703348	33.80035281	2.357429266	2.036188126	1.077479601	1.433503985	13.83886313	2.251161337	15.23277473	15.23957968	3.805607677	31.38976145	43.06112766	1.438145757
pas2	12.95016289	957.0081482	11.88609695	6.873239279	2.301799893	14.28708982	3.907415748	1.373110116	42.73479462	0.442109779	8.95890379	2875.821899	4.966672659	28.13606644	1.427575469	1.032977164	0.251222387	47.98221016	4.660213232	1.982073903	0.74545458	6.375878334	10.71814585	7.507354975	1.145498991	9.361006737	2.488547802	0.190241359	6.317573547	6.233502388	1.381669104	10.24820709	1.919192255	6.173804522	0.445530817	247.4253464	6.631770611
pas3	4.665967941	456.8973236	25.44468594	16.02775383	6.61349082	11.36893988	8.613563061	0.706116259	705.1699829	1.381939292	15.3941946	490.1435089	1.597703576	17.06172085	0.583919972	0.462675959	0.236805744	27.57217026	3.96214819	2.08886826	3.219187617	7.942274094	26.04369831	30.01603222	4.350506544	353.6770935	6.394748688	1.928737819	5.952343702	1.50343281	3.315101743	9.292855263	14.1318574	5.821740866	0.261528075	238.1119156	2.174214482
pas4	NaN	NaN	NaN	NaN	NaN	NaN	NaN	NaN	NaN	NaN	NaN	NaN	NaN	NaN	NaN	NaN	NaN	NaN	NaN	NaN	NaN	NaN	NaN	NaN	NaN	NaN	NaN	NaN	NaN	NaN	NaN	NaN	NaN	NaN	NaN	NaN	NaN
pas5	12.27357721	0.125528947	176.2498298	7.584053278	1.623927116	3.399813853	0	1.685892522	0	0.45092082	5.583840787	56.21156693	0	10.72564304	0	5.120399415	919.8195801	19.90877867	1.435874343	7.448420525	2.374821216	4.380286455	3.08775527	8.498718023	3.489388943	13.28477669	6.62686348	2.548027754	7.326351404	6.060371876	3.251026392	75.45270658	24.33842468	16.16879082	0	309.0520487	0.674705386
pas6	15.93049908	20.02014732	15.93552208	78.4922986	33.54203033	2.098153234	3.670695543	0.363134831	0.80989629	0.20961386	44.23088264	68.15979576	0	68.9335413	0.076320983	14.33129025	12.22928238	0	102.3390017	1.535055995	1.071356148	4.55960083	4.523239613	7.100603878	91.13999915	0.538035154	5.82399857	6.903586254	102.6221414	8.036169529	3.169062078	14.85031128	10.57080841	14.46748447	50.74638591	14.10761642	28.18999767
pas7	NaN	NaN	NaN	NaN	NaN	NaN	NaN	NaN	NaN	NaN	NaN	NaN	NaN	NaN	NaN	NaN	NaN	NaN	NaN	NaN	NaN	NaN	NaN	NaN	NaN	NaN	NaN	NaN	NaN	NaN	NaN	NaN	NaN	NaN	NaN	NaN	NaN
pas8	NaN	NaN	NaN	NaN	NaN	NaN	NaN	NaN	NaN	NaN	NaN	NaN	NaN	NaN	NaN	NaN	NaN	NaN	NaN	NaN	NaN	NaN	NaN	NaN	NaN	NaN	NaN	NaN	NaN	NaN	NaN	NaN	NaN	NaN	NaN	NaN	NaN
pas9	0.461013019	313.115448	8.651953697	0	0	5.499049664	1.631384611	0	9.100449562	0	2.891002178	169.9119263	0	7.73932838	0	0	0	28.38652992	2.690179586	0.039964709	2.15207696	0.790016949	15.36597824	6.772873878	0	16.12117386	0	0	2.988850832	0	0	12.87287426	8.098397255	4.302478313	0	177.9354553	2.346318245
pas10	NaN	NaN	NaN	NaN	NaN	NaN	NaN	NaN	NaN	NaN	NaN	NaN	NaN	NaN	NaN	NaN	NaN	NaN	NaN	NaN	NaN	NaN	NaN	NaN	NaN	NaN	NaN	NaN	NaN	NaN	NaN	NaN	NaN	NaN	NaN	NaN	NaN
pas11	NaN	NaN	NaN	NaN	NaN	NaN	NaN	NaN	NaN	NaN	NaN	NaN	NaN	NaN	NaN	NaN	NaN	NaN	NaN	NaN	NaN	NaN	NaN	NaN	NaN	NaN	NaN	NaN	NaN	NaN	NaN	NaN	NaN	NaN	NaN	NaN	NaN
pas12	7.556676149	488.622818	29.95557404	2.309121251	2.186612248	16.96409988	1.773286641	1.799391091	16.54954338	0.858275086	3.563068151	351.0832977	0.314729497	40.16411591	0	0.174333341	2.03205359	28.82855225	6.424646854	0	49.83262825	68.84627533	9.584415913	6.968728542	8.446154594	303.816925	5.407737017	3.283246636	17.55496407	7.256153822	15.86256742	2046.959778	101.5188713	20.33006191	23.00638866	220.2945099	7.697129965
pas13	0.588769495	253.7663727	7.559064627	0.8922095	1.241945505	5.286520481	2.082543969	0	58.00689125	0	145.6166458	386.937973	0.669900507	7.325722933	0	0	0.089768	14.32389641	0.525173992	0	0.729200482	3.573019028	14.2121067	2.877547026	0	4.929293394	0.169534497	0	3.829816461	0	1.278556049	154.0548935	5.763123035	4.250097513	0.086914498	137.3424377	3.655627489
pas14	0.841107875	185.348587	9.939693451	1.066639602	1.068956554	12.92264032	2.533593535	0	4.972328424	0	58.14201927	192.2838745	0.099181473	17.57355499	0	0	94.03004456	41.45948219	4.123923302	0.940532833	3.303124428	14.64768934	3.65679276	3.455512404	0.390505522	94.11414719	1.035866439	0.128023285	0	0.2890843	1.76850915	41.16227531	12.34466124	7.764687538	1.355789721	278.4326019	5.097814798
pas15	0	87.46929169	7.260401249	0.373606503	0	6.294332504	1.982183099	0	0	0	10.32857895	861.1710815	0	12.59026623	0	0	3.158229828	15.39315224	0.423946351	0	0.851101756	0	3.124659061	2.296900034	1.363221884	9.360991478	0	0.95107305	1.205786824	2.111411572	0	5.33768177	5.772815704	2.670296431	0	62.5594101	3.036451578
pas16	1.987430811	36.42810822	55.30353928	0	33.51922226	12.56979465	7.110251427	1.547188282	13.07131863	1.935960889	2303.552734	140.9898071	6.366697788	20.95649147	1.528841257	0	60.93019867	4.690154076	509.6559143	0	47.63721085	15.63587761	3.52226305	5.298933983	2.758539677	53.96562958	1.524142742	0	19.18913841	1.790553808	6.136901379	419.8627625	2.377704382	3.029166222	2.04219985	81.27485657	0.053661529
pas17	1.805623174	25.21911812	12.30413151	4.07562685	2.466615915	11.52051544	3.374967813	1.591807604	5.35321331	0	241.904541	92.55014038	1.467400551	14.13945103	0.541489184	0.580865026	14.38801956	8.170576096	24.22983551	0.632963181	6.54665184	4.218631744	1.861001134	5.856882095	0.659238935	21.20336533	0	0	10.72138596	0.325056106	0.948942959	22.53406334	4.663101673	2.354834557	0.111121252	49.54308319	2.88501668
pas18	13.63780785	763.3271179	9.983433723	12.00774288	1.710909963	9.164894581	1.085393667	1.542535782	15.56024456	0.174835145	58.41647911	1881.645996	3.461779475	22.87842178	0.213185482	0.972785145	3.263111234	59.99396133	2.994260073	2.177986503	1.029723436	7.074904203	4.450724363	9.35340786	2.59041965	68.08040237	1.927425325	0.678160191	0	7.688473701	1.175912559	9.434119701	12.3474679	10.85073233	0	273.9013367	1.424230874
pas19	42.1666584	0.840140939	11.20378542	63.06397438	7.188511133	12.60139561	1.727469087	0	6.990930557	1.256258011	48.09760094	78.96861839	1.90779686	14.42608595	7.39483428	0	25.34274817	8.401900768	9.115718842	2.067311049	18.34494686	26.54464436	4.34339571	26.93494225	13.96378803	14.69433355	4.960164309	5.418113947	27.69132233	33.78335094	10.22216702	29.46811867	114.7881165	36.8835268	0.449461997	53.53458214	0
pas20	6.691929102	211.374054	7.413106918	5.461021662	2.113148808	5.045747519	0.829883039	0	13.83169651	0	24.37690353	623.5990295	1.001082271	11.95623922	0	0.546983525	0.545167953	23.92075062	1.471638799	1.078620195	0.640184373	3.071571112	1.419167936	4.822061777	0.490167364	36.53251648	2.195901513	0	5.102245808	3.7653476	0.962995112	12.8610096	5.475327969	7.460852861	0.321244344	116.2265091	3.409084082
pas21	19.61548042	2.051175356	17.64770317	16.74996185	14.35330772	16.45510483	5.421693325	2.255397081	2.946728468	0.137273043	31.48555565	400.9848022	1.353079796	12.43823624	1.428535581	5.974975586	2.641134024	6.218268394	10.20730019	2.961425066	1.793587923	9.297942162	5.187314034	13.65896702	49.66757202	0.216392994	1.716542482	3.629089355	0	0.233457193	3.669742107	24.78929901	12.30291843	5.463195801	0.968794048	51.59658051	62.53306961
pas22	3.452903748	19.62919998	27.45161629	9.086458206	5.367805958	18.5291996	7.885185242	1.58220005	12.08226967	0.402769893	682.8388672	104.0759506	2.521231174	17.63142586	1.660135746	0.08144109	35.67416382	7.355037689	54.15834045	2.079071999	16.43603897	12.22329044	4.065404892	9.230906487	0.248667493	30.13734818	0.880552292	0.524930477	21.12745667	0.493471235	2.108143091	95.57356262	7.762754917	4.185335636	1.27944088	70.54769897	1.244992375
pas23	6.165246248	68.39796829	5.603904605	5.989993811	2.998047709	4.65885067	2.460830808	0	19.51856041	0.397677556	120.9744415	685.9992981	1.89324069	23.98828316	0.110649191	0.016252128	3.199609876	4.58362937	1.618477702	0.151108894	0	15.16242313	3.590392113	3.092783213	0.204853058	138.2890167	3.070078373	1.175404191	0	2.187751412	1.431067646	40.42473412	7.144613981	6.144156694	0.407328516	134.3148727	1.500525177
pas24	12.38700485	291.6572113	4.957271963	29.79843903	1.698198706	7.867673635	5.40194869	2.436836839	12.09006119	0	38.33883095	1528.642761	5.995270491	37.40275955	0.929686792	2.221623659	0	24.93682051	3.859851241	1.873394847	0	1.443997711	13.93954563	4.085294127	9.166898489	15.32588005	0	0	0.830876276	3.001767397	0.197900504	6.812951565	2.340102196	0	0	36.97639513	3.194321275
pas25	NaN	NaN	NaN	NaN	NaN	NaN	NaN	NaN	NaN	NaN	NaN	NaN	NaN	NaN	NaN	NaN	NaN	NaN	NaN	NaN	NaN	NaN	NaN	NaN	NaN	NaN	NaN	NaN	NaN	NaN	NaN	NaN	NaN	NaN	NaN	NaN	NaN
pas26	1.64647451	12.69926214	24.24156666	8.515770912	6.986154079	12.6585145	0.942491829	2.073261619	9.325372219	3.328355193	468.8646698	61.24821854	3.183415174	15.194314	0	0.40353024	18.62226105	8.32434392	29.37318516	3.232127666	13.86794019	8.74223125	0.300873002	4.211787105	1.379341751	23.03896046	0.073084667	0	14.18052578	0.799033344	4.52805686	72.64536095	15.63909101	4.499123096	1.8586483	49.81897354	6.221760988
pas27	12.03608799	425.108429	13.56725407	11.92118931	5.819145203	8.127822876	7.253376961	3.272559881	901.921936	1.99833405	13.38621521	191.0572357	1.422883987	7.121286869	0.595983028	0.954230011	2.180336952	17.58450317	1.864670038	2.894025087	2.78888011	4.808753967	0.625356019	40.43670273	3.119410038	73.13306427	2.039896011	1.741899967	2.408222914	3.700673103	1.500211954	10.9454298	5.263281822	4.652431965	0.533358991	64.62211609	1.107563972
pas28	10.67107105	0.585047126	4.280091345	5.030622482	0.46328181	5.577269554	0.662627339	0	1.211351007	0.25611037	4.569803715	172.4605942	5.295762539	345.1257782	3.174596429	10.35456419	1.636483133	0.867439419	1.787930012	0.026289367	1.645262003	5.180854082	0	0	0	0.006891963	0.249661203	0	2.008620381	2.375322759	0.205929074	5.325764656	0.00529161	1.013985515	11.02405548	0.225082844	6.107417822
pas29	14.49662668	0	0.935717463	2.806347132	3.046247423	4.718694091	85.03370237	0	2.669470012	1.184048176	5.090837479	88.3265686	0.187978595	15.05892062	0	1.486779809	9.137407303	8.432037354	5.372144252	2.743394256	6.45233193	4.313404024	4.136279106	3.835243464	7.752774715	25.84168434	4.223410606	6.604333401	18.45997	2.65647459	1.890913367	5.58882618	5.841380596	0.427620292	1.785109162	206.8270922	4.098203704
pas30	3.903235912	0	4.218762398	7.591473579	0	6.425542831	1.378188848	0	2.401414394	0	18.54748726	118.9179382	2.086075068	10.87411118	2.675395489	34.03152084	3036.97876	17.01739693	3.158665419	5.273631573	0.213305488	1.60227704	2.331374884	0.924037397	7.080361843	3.014736891	2.989170313	0.232604191	0	1.211268187	4.243673325	8.086764336	11.85450649	8.176902771	0.142420307	73.48594666	1.00242722
pas31	13.84713936	10.994977	1.514152884	9.710642815	0.152813956	11.67276669	15.1221056	1.121894598	0.614240646	0	10.0032692	84.19587708	2.603123903	18.65955925	11.19251347	3.351606369	92.5629425	12.91222286	11.20047379	0	0.303629249	59.88656616	7.574739933	49.56692886	6.132930756	10.78062153	1.447873235	1.499562502	17.56715584	2.021282434	7.701851845	107.3450623	20.4974041	4.296659946	177.3898773	39.46953201	176.7141876
pas32	26.35940933	3.644134998	3.677499771	12.70528603	0.653338611	12.11658573	8.203244209	0.35076952	11.18936825	0	1.846634984	71.2828598	0	91.5437851	8.101868629	6.076740265	22.57920265	13.89283848	12.47267342	0.188367814	0.90292573	50.43587875	4.303351879	20.97471809	4.139037132	5.711988449	8.101554871	3.132726192	20.4536438	80.42384338	595.4729004	41841.19141	4384.807129	327.5369568	0	7.891064644	352.4881897
pas33	9.103376389	14.07378483	11.52061367	27.25198936	0.404153079	7.58841753	3.667517662	0.35120362	712.6329346	0	34.14965057	71.58298492	1.533456326	17.17072296	2.856568336	3.576431513	13.97366714	44.91181564	1.33707118	11.37900162	0	13.70348358	12.67099762	33.81571579	6.851083755	3.662895679	0	4.73183012	26.48958778	1.770233393	0	13.52210903	5.366828442	18.97620583	7.469317913	348.2742004	0
pas34	19.71136665	0.481041372	3.157920599	9.333248138	3.655979633	5.866320133	1.345359564	0.698195279	1.92891407	0.069661394	12.67901993	67.59205627	0	48.36468506	0.461219013	8.731936455	3.803186417	6.724113941	40.90076447	1.464895487	23.74067497	18.41213799	6.185665607	5.992791176	2.800400257	9.030794144	0.633025825	0	39.4425087	4.74805069	4.715456009	12.25802803	3.190353155	6.826202869	1.893796444	29.69024658	4.421603203
pas35	7.030904531	58.65072441	15.32675552	5.129169226	0	3.11945045	0	0	26.58704185	0	6.545502186	102.5527649	0	7.332835436	0	0.064255238	1.244640827	4.65121007	0.749403402	0	3.292633653	3.514306545	0	7.385234118	2.001642227	24.0666523	0	0	0	1.005984545	0	5.216986179	1.26012069	0	0	29.04671478	1.963343859
pas36	8.463709354	0	3.589354753	9.530957222	2.073502243	2.94657135	0	0	1.71228677	0	6.421378613	135.9927063	0	21.34414196	0	0	5.227175236	14.50006342	1.130211651	0.240454122	9.319205761	8.18916893	4.347783327	0.631927907	2.630938411	0.226387262	0	0.371570736	0	4.199776411	2.376623571	10.5714426	8.226666689	9.993301868	0.313717008	381.4564056	0
pas37	14.51025772	1070.542999	12.80222511	4.020666063	3.075600147	7.740090847	6.531406879	2.508029878	48.16688585	0.526454985	38.70734787	2759.009827	4.169080734	34.29354763	0.01956526	0.65761435	3.109729216	20.99369097	2.294670761	1.623072982	0	0.008780317	3.557364106	6.982689619	2.096604049	1.770938426	1.628109574	1.160476208	5.066170752	6.94361639	0.822156072	16.07640219	5.067996979	4.110727906	0	216.8175659	0.738663912
pas38	NaN	NaN	NaN	NaN	NaN	NaN	NaN	NaN	NaN	NaN	NaN	NaN	NaN	NaN	NaN	NaN	NaN	NaN	NaN	NaN	NaN	NaN	NaN	NaN	NaN	NaN	NaN	NaN	NaN	NaN	NaN	NaN	NaN	NaN	NaN	NaN	NaN
pas39	7.749780655	0	9.871644497	9.761363506	4.93221426	1.00726521	3.578167915	1.670931339	15.49609327	0.93975091	24.17359924	44.00619888	4.292035103	9.644750118	3.691565096	2.266271591	9.063531041	7.9561975	11.56990719	3.124495268	0	0	1.867010236	1.093444943	0	1.783634663	0	1.127969861	0.94465214	10.92549801	5.02854538	0.511493087	15.82464552	0	0	37.78404427	0
pas40	1.043659747	532.4328308	6.9585042	0.859180301	0.397959635	6.665919065	1.542403817	0	3.985324144	0	1.397204101	422.7046051	0.541264713	12.50585413	0	0	0	30.0716095	2.632650852	0	2.922503948	5.144069195	22.54152584	2.391865611	0	0	0	0	3.278076291	0.588776529	1.141060591	35.16034126	5.581726551	4.827944279	0	155.8540268	6.032103062
pas41	1.616214216	32.4003973	11.2810216	6.85692811	0.557336733	6.596407175	2.821768761	0.618533611	5.785929441	0.118854471	24.15754414	106.3218346	0.600307167	7.827731371	1.210491896	0.262326457	9.119583607	10.6366806	3.743792415	0.216250792	2.728449583	1.259639323	4.451330185	4.249106884	0.170294493	5.431581497	0.12765535	0	3.77334404	0.311648693	0.868087947	6.50398469	5.467872381	2.990116358	0	94.7388382	2.9262712
pas42	0	9.975015163	0	0	0	1.74519223	0	0	0	0	15.05629778	190.9581604	0	1.850120902	0	0.345673025	136.7481766	4.256306767	0	2.991183877	2.413796067	0	0	1.075486153	0.430527925	6.391928673	0.237130284	0	0.65142595	0	0	0.555087149	0.10237373	0	0	36.23801804	1.317528188
pas43	10.79645824	8.79205513	10.39929295	15.10186195	6.25256443	3.147880316	6.355763912	1.024127245	8.329135895	1.015438795	29.57695007	151.4421539	0	4.172827721	0	0	12.51794052	2.722126245	3.168768167	2.472235203	9.089058876	6.253246784	0.17200762	1.308839798	0.805092871	6.374294758	0.566898704	0	3.62911725	1.418678403	2.914535761	13.0490818	10.01961231	6.306043148	0.088762134	41.41953278	2.360052347
pas44	10.16002488	4.964240551	17.86475754	6.236061811	0.150905132	0.979472876	0	1.600310683	0.813869059	3.048146486	253.014389	70.6687355	3.30833137	6.012573063	0	0	29.70066833	2.000111103	26.37922573	6.564551413	4.061551809	0	1.944568276	0.467572093	7.703170389	23.18149185	0	0.751265705	6.603719234	0	0	4.905257225	1.32123971	15.65199327	0	21.64642811	1.00825274
pas45	2.395334005	0	1.976718545	0	0	7.908813953	6.539139271	2.587882757	0	0	8.369744301	134.2838898	0	2.048171282	0	0	174.0271759	6.454847813	13.12717056	0.215937331	0	6.758262634	0.904730856	5.68681097	0.069857679	19.9695034	0	0	0.539849281	0	0	16.89261246	8.972359657	1.522045612	0	3.35975337	5.031077385
pas46	14.97905111	319.26474	11.3144846	7.702708483	2.965496182	8.066814423	1.481999815	0.203661911	28.33156776	0	12.71743488	680.9394836	1.254109502	22.64775944	0	2.084759235	0.714562625	2.435856819	4.550454855	1.775416315	2.712658048	5.836515427	38.71425819	8.659800529	4.767758846	12.50621557	1.648520052	2.219984651	7.534237385	12.03530407	4.558677435	70.95406342	479.9173126	29.85338879	1.505052328	236.5720444	2.844139695
pas47	16.23928261	1300.633057	11.03492355	8.381182671	2.136843681	10.77531719	3.939807177	0.885726035	35.4437027	0.970022142	9.892829895	828.6293945	1.881179094	27.70772362	0.478992879	1.703769445	0.665887117	118.1358871	2.10397768	2.565459251	0.190237895	5.744327545	31.36755943	9.68348217	6.248820782	27.66757584	1.774039745	2.788513422	7.089262486	10.26627541	4.406258583	480.4073181	38.12742233	16.93980598	1.861699104	418.1416321	3.218627691
pas48	6.325152397	184.8415527	9.070519447	6.852034569	1.200187683	8.895419121	1.387987375	1.25339365	4.557148933	0.087008812	19.22662735	780.9544678	2.253384352	16.64874077	0.227465898	0.797316074	2.424608946	50.55193329	2.052010298	1.563144445	1.942125916	7.223031998	13.8570013	7.546551228	4.004323006	16.09680557	1.589787245	0.21929808	6.921844482	1.627899528	1.59941256	8.900733948	7.632811546	4.503605843	0.5218153	157.168396	3.385596275
pas49	6.19381237	45.35189438	4.42092371	9.440898895	0	3.214669466	2.963874817	0.20595105	0	0	26.84324265	290.7597351	0	11.32707691	0	0	45.84960556	12.38792515	2.340146303	0	2.902386665	2.08532548	0	5.371297836	6.187899113	46.58446503	1.131453156	0	2.515020847	1.981373191	0.791417837	14.07294083	5.821949005	7.734202862	0	106.1507111	0
ctr2	7.102650642	0.509301424	20.45978355	4.194610834	4.244428873	14.13226891	5.02391696	0.194650024	16.57019711	0.756968468	563.6803589	168.1652527	1.446258724	23.67014408	1.029813886	2.955500364	62.48757362	6.350143194	95.26719284	1.310719311	21.84099293	15.72688627	4.600032568	4.800585985	1.606589019	20.43657112	0.716459036	1.698078215	31.9992466	3.600482941	2.517595768	117.4234047	8.606720924	6.188127995	1.945343792	161.9767609	2.152179003
ctr3	6.297515392	29.85288429	15.98069954	6.120845556	4.520041227	8.18308115	5.873236418	0.042757673	12.65859413	0.96576342	735.1770935	101.913517	1.482023597	13.53114271	0.814209878	1.558484495	34.97604752	3.726188898	103.1580353	1.383353174	9.93695116	8.913500309	2.201008201	6.401738882	1.479304135	28.38118649	1.100898027	2.107845545	14.86851072	3.791893005	1.101667583	57.84803581	7.709960222	4.490125895	1.468652189	80.89916229	1.444530129
ctr4	2.871626616	25.52573395	25.45153427	6.501376152	4.878170013	14.88138676	3.215891123	0	65.94745636	0	126.7450714	184.48703	0.502119541	26.73575401	0	2.085254431	49.42038345	15.49715042	45.3048439	1.281922579	27.22545052	17.61640549	8.593870163	8.504570007	1.45544982	11.4012022	0.831131995	0.120067254	34.79045868	2.079180002	3.263422251	321.9334106	14.68525219	8.647968292	0.180754393	194.6724854	3.933790445
ctr8	3.222607136	24.96696281	31.65475941	10.15476274	5.742196798	19.28911495	8.365200996	2.039877892	17.48296165	0.191682786	752.7331848	98.07549286	2.454154134	18.72133636	1.69345814	0.785312921	43.11776543	8.533416271	58.19332695	2.492138743	22.15235329	19.95090675	4.832811117	8.41856432	0	30.33386898	1.036846757	1.029312491	23.43098164	1.044431388	2.28632772	288.303772	12.82488918	6.177175522	1.145796955	94.00992966	1.033634245
ctr5	2.297889471	33.21916962	20.31028175	6.365686893	3.899224043	10.8015728	4.964374542	0	20.98573494	0.12456765	523.8225708	159.8212891	1.095239043	21.10935211	0	0.638619363	45.16504288	10.076087	81.25062561	1.630442977	25.31148148	16.00088882	5.890679836	6.934766769	0.409991533	26.4740696	0.662045479	2.333748102	0	0.988618314	2.274537802	253.0989532	13.02131939	6.83590889	1.094250917	158.2461548	1.719755173
ctr6	0.274073325	26.5222826	16.478508	5.884024382	3.402510762	14.8481555	3.965977907	0	19.89813805	0	469.0094452	134.8633041	0	20.59818745	0	0	43.24398041	9.080354691	75.3021431	0.873738825	17.33418369	16.89241028	5.600121498	5.496835947	0	20.97167873	0	0	29.13961029	0.510313123	1.627099335	157.3686752	12.68323135	6.003996611	1.765623271	144.5769577	1.556360126
ctr7	13.42943382	342.3974152	41.84176445	12.11241817	14.76326942	26.15108299	17.37720966	2.226456761	47.8228302	2.010374546	1582.850159	190.1700211	4.613540173	24.47506428	2.5704422	4.852290154	97.04015732	19.18023205	160.9255066	3.430649877	63.61641121	27.29116631	22.25994492	17.67378998	0	50.70339775	1.238821328	8.126661301	54.49316025	7.499628782	4.400457144	915.7976074	44.21513367	14.9569025	4.090880632	212.949234	4.113390446
ctr9	3.222607136	24.96696281	31.65475941	10.15476274	5.742196798	19.28911495	8.365200996	2.039877892	17.48296165	0.191682786	752.7331848	98.07549286	2.454154134	18.72133636	1.69345814	0.785312921	43.11776543	8.533416271	58.19332695	2.492138743	22.15235329	19.95090675	4.832811117	8.41856432	0	30.33386898	1.036846757	1.029312491	23.43098164	1.044431388	2.28632772	288.303772	12.82488918	6.177175522	1.145796955	94.00992966	1.033634245
ctr10	3.222607136	24.96696281	31.65475941	10.15476274	5.742196798	19.28911495	8.365200996	2.039877892	17.48296165	0.191682786	752.7331848	98.07549286	2.454154134	18.72133636	1.69345814	0.785312921	43.11776543	8.533416271	58.19332695	2.492138743	22.15235329	19.95090675	4.832811117	8.41856432	0	30.33386898	1.036846757	1.029312491	23.43098164	1.044431388	2.28632772	288.303772	12.82488918	6.177175522	1.145796955	94.00992966	1.033634245
pas50	NaN	NaN	NaN	NaN	NaN	NaN	NaN	NaN	NaN	NaN	NaN	NaN	NaN	NaN	NaN	NaN	NaN	NaN	NaN	NaN	NaN	NaN	NaN	NaN	NaN	NaN	NaN	NaN	NaN	NaN	NaN	NaN	NaN	NaN	NaN	NaN	NaN
pas51	NaN	NaN	NaN	NaN	NaN	NaN	NaN	NaN	NaN	NaN	NaN	NaN	NaN	NaN	NaN	NaN	NaN	NaN	NaN	NaN	NaN	NaN	NaN	NaN	NaN	NaN	NaN	NaN	NaN	NaN	NaN	NaN	NaN	NaN	NaN	NaN	NaN
pas52	NaN	NaN	NaN	NaN	NaN	NaN	NaN	NaN	NaN	NaN	NaN	NaN	NaN	NaN	NaN	NaN	NaN	NaN	NaN	NaN	NaN	NaN	NaN	NaN	NaN	NaN	NaN	NaN	NaN	NaN	NaN	NaN	NaN	NaN	NaN	NaN	NaN
